130 0 1.02221 19306.6 0 0 0 0 0 0 0 0 0 0 0 0 0 0 0 0 0 0 0 0 0 0 0 0 0 0 0 0 0 0 0 0 0 0 0 0 0 0 0 0 0 0 0 0 0 0 0 0 0 0 0 0 0 0 0 0 0 0 0 0 0 0 0 0 
150 0 0.590417 19306.6 0.209689 0 0 0.0712332 0.053 0 0 0 0 0 0 0 0 0 0 0 0.301345 0.0696113 0.0515726 0.16133 0.0595087 0.096039 0.0368774 0.0317774 0 0 0 0 0 0 0 0 0.0866771 0 0 0.0513856 0.0374899 0 0 0 0 0 0 0 0 0 0 0 0.0995312 0.042791 0.0375935 0.0727851 0.0474759 0.0565541 0.0368774 0.0317774 0 0 0 0 0 0 0 0 
175 0 0.323218 19306.6 2.52186 0.77361 1.17497 1.75323 1.05064 0.341433 0.495243 0.643463 0 0.0165254 0 0 0 0 0 0 4.86861 1.82157 1.46029 1.34236 1.99554 0.693494 0.660392 0.797533 0.0806241 0.0257962 0.0176368 0.0101504 0 0 0 0 0.209578 0.118686 0.147317 0.177165 0.13932 0.0804572 0.0975411 0.110517 0 0.0165254 0 0 0 0 0 0 0.292629 0.179321 0.161009 0.156235 0.188974 0.110702 0.109497 0.12548 0.03619 0.0257962 0.0176368 0.0101504 0 0 0 0 
200 0 0.19135 19306.6 4.64343 1.73355 1.62348 2.95484 4.65784 1.69805 1.61331 3.15479 0.217012 0.0936195 0.0814652 0.123175 0.0141402 0 0 0 8.43427 3.46978 2.39113 2.61429 10.4644 3.56196 2.78521 3.06478 0.725447 0.268299 0.181562 0.140505 0.0325764 0 0.0105079 0 0.222578 0.134883 0.131051 0.178162 0.229013 0.138779 0.135274 0.186255 0.0512728 0.0334368 0.0299111 0.038535 0.0141402 0 0 0 0.298004 0.192265 0.158734 0.169229 0.340016 0.199431 0.175141 0.186348 0.0893873 0.0546129 0.0473718 0.0412829 0.0190118 0 0.0105079 0 
225 0 0.11865 19306.6 3.80254 1.61321 1.65315 2.64475 6.71491 2.51446 2.86579 5.28718 1.09228 0.384082 0.494186 0.808558 0.0737409 0.0626136 0.02727 0.0745514 7.3043 2.8881 1.7312 2.38584 15.1955 5.51459 4.01426 4.1521 2.80277 1.0334 0.771603 0.776418 0.313887 0.110574 0.063398 0.091537 0.159111 0.105304 0.105645 0.133769 0.216641 0.133303 0.142613 0.192822 0.0903295 0.0530408 0.0595232 0.0772047 0.0223697 0.0202708 0.013984 0.0248642 0.219007 0.137959 0.107399 0.126676 0.323845 0.195778 0.166076 0.169987 0.141575 0.0863822 0.0753318 0.0734697 0.0475095 0.026259 0.0221882 0.0258998 
250 0 0.0767919 19306.6 2.83292 1.06103 1.1147 2.27041 6.44521 2.70142 2.84369 5.15916 2.00305 0.961754 0.927021 1.66974 0.626554 0.146473 0.133231 0.30512 5.19847 1.64324 1.18623 1.37601 13.865 5.29417 3.68976 4.18758 4.91627 1.87865 1.34116 1.42527 1.25861 0.284937 0.329426 0.360834 0.174668 0.106069 0.108991 0.156736 0.266068 0.171422 0.17843 0.239885 0.150727 0.107302 0.10454 0.140979 0.0865552 0.0435447 0.0389329 0.0602912 0.234854 0.130424 0.111769 0.120866 0.389323 0.24101 0.199819 0.215465 0.236456 0.146572 0.125063 0.129124 0.119683 0.0584641 0.0610332 0.0664817 
275 0 0.0509848 19306.6 1.97663 0.718458 0.658634 1.31514 5.72338 2.59519 2.07775 4.30013 2.59341 1.19646 0.909226 2.20439 0.989347 0.456462 0.495775 0.794978 3.15477 1.00459 0.892327 0.859369 10.2241 3.77952 2.80756 2.78072 5.6939 2.393 1.47167 1.70352 2.22522 0.81804 0.729899 0.603948 0.119889 0.0722653 0.0671507 0.0968769 0.206399 0.138552 0.123945 0.178322 0.141044 0.0959547 0.0823081 0.129776 0.0874474 0.06001 0.0617341 0.07985 0.150831 0.0846774 0.0809886 0.0782714 0.273877 0.166239 0.142579 0.143336 0.207941 0.136338 0.105569 0.114491 0.131003 0.0800653 0.075727 0.0674157 
300 0 0.034934 19306.6 1.30062 0.472594 0.559242 0.89319 4.43982 1.5719 1.55834 3.12082 2.88862 1.04681 1.08671 2.20335 1.73139 0.752986 0.702109 1.20361 1.79915 0.712377 0.5247 0.588261 7.13916 2.61104 1.89448 1.81735 5.27433 1.97699 1.42595 1.44467 3.35749 1.18982 0.911644 0.879099 0.0810419 0.0490728 0.0526419 0.0669328 0.15236 0.0912078 0.090347 0.127118 0.123777 0.0741834 0.075768 0.109301 0.0967685 0.0642112 0.0618926 0.0817786 0.0950122 0.0608872 0.0517188 0.0539969 0.190126 0.116197 0.0984966 0.0968597 0.166282 0.101949 0.0862825 0.0875336 0.134327 0.0791894 0.0702974 0.0698019 
325 0 0.0245168 19306.6 0.826097 0.360712 0.322941 0.719939 3.08992 1.30798 1.0688 2.39 2.44183 0.964995 0.995801 1.75869 2.28761 0.80616 0.896402 1.52962 1.33524 0.436658 0.317472 0.352847 4.86192 1.62966 1.24931 1.40411 4.19451 1.44048 1.16348 1.09596 3.88112 1.44421 1.08116 1.02498 0.0543973 0.0363619 0.0345328 0.05148 0.107011 0.0701213 0.0627893 0.0946644 0.0963047 0.0609885 0.0611346 0.0815349 0.0946982 0.0562938 0.0595857 0.0780265 0.0697105 0.0399478 0.0337777 0.0358752 0.133858 0.0774881 0.0686932 0.0714798 0.125389 0.0736843 0.065971 0.0644557 0.122354 0.0754576 0.064724 0.063903 
350 0 0.0174041 19306.6 0.52227 0.209295 0.229076 0.404004 2.01149 0.971571 0.920879 1.62425 2.14369 0.902028 0.750283 1.61127 2.34356 0.96984 0.936239 1.80565 0.757975 0.292191 0.222956 0.176337 3.25788 1.15016 0.913219 0.903586 3.01582 1.04018 0.829651 0.793563 4.167 1.58809 1.19006 1.1937 0.04902 0.0317021 0.0317421 0.0433588 0.0975675 0.0682058 0.0667153 0.0868302 0.100987 0.0656511 0.0591082 0.0875869 0.107416 0.069228 0.0690141 0.094542 0.0588711 0.0367172 0.0319595 0.0286988 0.122382 0.0733994 0.0651975 0.0644633 0.118734 0.0698776 0.0621956 0.0606905 0.142466 0.0889084 0.0750179 0.0769811 
375 0 0.0126203 19306.6 0.432598 0.11445 0.208446 0.356914 1.59558 0.629627 0.566443 1.12891 1.46066 0.537811 0.586203 1.13901 2.50383 0.99224 0.884176 1.69365 0.517047 0.189308 0.168779 0.173333 2.18668 0.783102 0.512266 0.556404 2.25758 0.755893 0.613394 0.600612 3.91924 1.36575 1.04196 1.01276 0.0382166 0.0197888 0.0269318 0.0349657 0.0741735 0.047318 0.0438825 0.0627514 0.0713453 0.0433734 0.0457649 0.0635264 0.0949314 0.0598657 0.0568881 0.0783422 0.0411742 0.0252701 0.0241255 0.0242485 0.0867825 0.0516843 0.0416994 0.0435673 0.0886872 0.0506205 0.0458193 0.0453917 0.118143 0.0700581 0.0609546 0.0596906 
400 0 0.0092528 19306.6 0.395155 0.139377 0.122764 0.25732 1.12233 0.423673 0.469177 0.803276 1.10771 0.395724 0.332744 0.867275 2.46326 0.864693 0.943666 1.69271 0.330894 0.119188 0.0989212 0.123553 1.51261 0.52649 0.389577 0.373653 1.69004 0.509595 0.434498 0.482285 3.53067 1.21717 0.90868 1.04009 0.0315292 0.0187123 0.0178412 0.0257498 0.0531619 0.0332339 0.0349361 0.0450634 0.053445 0.0317589 0.029284 0.0474823 0.0811135 0.0482795 0.0504067 0.0673232 0.0284245 0.0174203 0.0158458 0.017781 0.0616073 0.0366881 0.0310302 0.0307769 0.0659901 0.0363093 0.0337306 0.0353932 0.0965652 0.0566918 0.048815 0.0522296 
425 0 0.00686092 19306.6 0.219225 0.0770809 0.0956713 0.177228 0.89685 0.324151 0.286433 0.599463 0.890941 0.31422 0.290952 0.586188 2.10719 0.830846 0.812684 1.48748 0.236689 0.0785361 0.0656131 0.0714687 1.00623 0.351177 0.239244 0.334185 1.18855 0.329109 0.258349 0.298845 3.13123 1.10583 0.91463 0.907244 0.0200333 0.0118381 0.0135196 0.0181881 0.0416922 0.0250591 0.0233921 0.034062 0.0414717 0.0245175 0.0237511 0.0334345 0.0644661 0.0407958 0.0405272 0.0545344 0.0205981 0.0118398 0.0108373 0.0114567 0.0435336 0.0259683 0.0211193 0.0253918 0.0472846 0.0249687 0.0221127 0.0234171 0.0784868 0.0468323 0.042361 0.0423052 
450 0 0.00512995 19306.6 0.181348 0.053085 0.0601719 0.152303 0.61322 0.229119 0.218283 0.458378 0.615191 0.209674 0.208291 0.431323 1.7874 0.654547 0.715963 1.31051 0.163408 0.0472487 0.0494272 0.0578063 0.715868 0.223225 0.164704 0.217887 0.789234 0.245268 0.185034 0.224224 2.86949 0.829778 0.657219 0.761718 0.0161553 0.00853481 0.00927212 0.014725 0.0298027 0.0182699 0.0178912 0.0258564 0.029625 0.0173274 0.0172773 0.024987 0.0513832 0.0312994 0.0326365 0.0442189 0.0149977 0.0081378 0.00818734 0.00900744 0.0318546 0.0176847 0.015195 0.0176933 0.0332642 0.0185532 0.0161991 0.0177742 0.0647763 0.0347915 0.0310427 0.0334455 
475 0 0.00387107 19306.6 0.108605 0.0524163 0.0420298 0.0758959 0.464992 0.154541 0.135387 0.300636 0.450992 0.144961 0.170937 0.326535 1.63937 0.577555 0.598529 1.19579 0.140099 0.045758 0.0246854 0.0386744 0.498718 0.13723 0.16028 0.153936 0.604515 0.191949 0.145315 0.1495 2.33092 0.756008 0.571982 0.61865 0.0107495 0.00747062 0.0066478 0.00904487 0.0225224 0.0128771 0.0122633 0.0178684 0.0218576 0.0126759 0.0136313 0.0188969 0.042786 0.0254369 0.0258422 0.0366203 0.0122715 0.00685488 0.00508478 0.00641327 0.023072 0.0119778 0.0132584 0.0129506 0.0256129 0.0143591 0.0124242 0.0127472 0.0508317 0.029137 0.0251835 0.0262794 
500 0 0.00295838 19306.6 0.102055 0.0367144 0.0288286 0.0603372 0.337326 0.1081 0.130096 0.251026 0.318073 0.108286 0.123393 0.234804 1.41274 0.512704 0.513264 0.898705 0.0797774 0.0296333 0.015718 0.0197047 0.381042 0.10367 0.0841045 0.107213 0.437039 0.137263 0.102163 0.104805 1.93359 0.59306 0.479697 0.568649 0.00933462 0.00548089 0.0049118 0.00701921 0.0168695 0.00969255 0.0103959 0.0144787 0.0162124 0.00953311 0.0102426 0.0140867 0.0349706 0.0211497 0.0210699 0.0279824 0.00796426 0.00482138 0.00352803 0.00389782 0.0177304 0.00939376 0.00841034 0.009516 0.01902 0.0106178 0.00924577 0.00930343 0.0404749 0.0225801 0.0202154 0.0221344 
