130 0 1.02221 19399 0 0 0 0 0 0 0 0 0 0 0 0 0 0 0 0 0 0 0 0 0 0 0 0 0 0 0 0 0 0 0 0 0 0 0 0 0 0 0 0 0 0 0 0 0 0 0 0 0 0 0 0 0 0 0 0 0 0 0 0 0 0 0 0 
150 0 0.590417 19399 0.310857 0.127054 0.0927682 0.200653 0.0387906 0 0.00152246 0 0 0 0 0 0 0 0 0 0.525366 0.127908 0.212252 0.188588 0.150125 0.0981113 0.137698 0.134383 0 0 0 0 0 0 0 0 0.0979305 0.0626037 0.0553034 0.0839389 0.0387906 0 0.00152246 0 0 0 0 0 0 0 0 0 0.126882 0.0619623 0.0806106 0.0780931 0.0679792 0.0530839 0.0633531 0.062082 0 0 0 0 0 0 0 0 
150 20 0.590417 19399 0 0 0.0303219 0 0.0489505 0 0 0 0 0 0 0 0 0 0 0 0.128859 0 0.0324756 0 0.12009 0.0274001 0 0.0693473 0 0 0 0 0 0 0 0 0 0 0.0303219 0 0.03462 0 0 0 0 0 0 0 0 0 0 0 0.0680942 0 0.0324756 0 0.0612846 0.0274001 0 0.0491344 0 0 0 0 0 0 0 0 
175 0 0.323218 19399 2.49689 0.92755 0.87237 2.23851 1.45427 0.547133 0.664362 1.34501 0.0335309 0.00729796 0 0 0 0 0 0 4.42898 1.7954 1.70689 1.3488 4.24005 2.01418 1.4447 1.13758 0.111868 0.0268272 0 0.0345274 0 0 0 0 0.211191 0.129216 0.121782 0.201292 0.161757 0.100889 0.107561 0.158221 0.0248329 0.00729796 0 0 0 0 0 0 0.275813 0.177239 0.173309 0.156905 0.273665 0.191996 0.162107 0.142001 0.0464528 0.0190402 0 0.0244456 0 0 0 0 
175 25 0.323218 19399 1.29019 0.861537 0.647904 1.17575 0.533926 0.208203 0.236807 0.403955 0 0 0 0 0 0 0 0 2.61253 1.38335 0.826921 0.932673 2.0541 0.907861 0.584506 0.810357 0.0396617 0.00848313 0 0 0 0 0 0 0.148902 0.123358 0.105776 0.144071 0.0960409 0.0629192 0.0640056 0.0859165 0 0 0 0 0 0 0 0 0.2079 0.157226 0.117692 0.128112 0.193295 0.123395 0.103448 0.118547 0.0243581 0.00848313 0 0 0 0 0 0 
175 45 0.323218 19399 0.13189 0.0403475 0.0139285 0.0892036 0 0.0131955 0.0146712 0.0369563 0 0 0 0 0 0 0 0 0.373987 0.133265 0.145571 0.0596614 0.279477 0.0517067 0.0792093 0.0171952 0.0140948 0 0 0 0 0 0 0 0.0456485 0.0243742 0.0139285 0.0368408 0 0.0131955 0.0146712 0.0226077 0 0 0 0 0 0 0 0 0.0771333 0.0503939 0.0488346 0.0283915 0.0667918 0.0265154 0.0356428 0.017192 0.0140948 0 0 0 0 0 0 0 
200 0 0.19135 19399 3.18305 1.62065 1.48265 3.06181 5.71638 2.80035 2.6738 4.97557 0.39518 0.163007 0.189487 0.411027 0.046721 0.0111357 0.00749323 0.00599458 6.36898 2.66507 1.92157 1.99282 13.1496 5.86571 4.48682 4.20121 1.32924 0.666255 0.467967 0.380329 0.074257 0.0168066 0.0205457 0.0232555 0.182317 0.130499 0.126726 0.178424 0.252194 0.176634 0.171171 0.235012 0.0679609 0.044807 0.0480165 0.0695835 0.0225654 0.0111357 0.00749323 0.00599458 0.257523 0.168099 0.141854 0.142668 0.378726 0.25317 0.220497 0.216266 0.121602 0.0868667 0.0718642 0.0628154 0.0265678 0.0118841 0.0145317 0.0165372 
200 25 0.19135 19399 2.82859 1.19506 1.30067 2.96043 4.40843 2.32238 2.35949 4.17281 0.248017 0.101294 0.0615147 0.177281 0.00497486 0 0.0142744 0 5.8486 2.27809 1.57488 1.97192 10.5533 4.59485 3.23789 3.3979 0.840074 0.394791 0.208942 0.29707 0.121998 0.0142744 0.0101604 0 0.173399 0.111853 0.11697 0.178293 0.22127 0.161128 0.162376 0.215304 0.0546702 0.0329774 0.0251313 0.0463206 0.00497486 0 0.0142744 0 0.247412 0.155113 0.129697 0.145391 0.339204 0.225388 0.189187 0.195311 0.0981892 0.065694 0.0475082 0.0580549 0.0359709 0.0142744 0.0101604 0 
200 50 0.19135 19399 1.84573 0.734587 0.713168 1.55748 1.44085 0.562663 0.707123 1.29935 0.0641722 0.0225355 0 0.0203211 0 0 0 0 3.02792 1.26709 0.994712 1.2979 4.01285 1.73772 1.36773 1.29053 0.142628 0.0981984 0.0767031 0.0233284 0.0132537 0 0 0 0.140351 0.0892891 0.0865391 0.130017 0.127703 0.0788864 0.087984 0.122066 0.0265988 0.0159357 0 0.0144718 0 0 0 0 0.177078 0.116847 0.101193 0.118028 0.210348 0.136714 0.123444 0.119587 0.0362657 0.0296682 0.0296302 0.0140092 0.0110965 0 0 0 
200 70 0.19135 19399 0.115223 0.0618866 0.0738558 0.104254 0.0909211 0.014704 0.0156612 0.0128902 0.0101436 0 0 0 0 0 0 0 0.707932 0.258361 0.22708 0.0968576 0.253788 0.216764 0.124264 0.0684171 0 0 0 0 0 0 0 0 0.033622 0.0258158 0.0267564 0.0323758 0.029293 0.0105061 0.011109 0.0128902 0.0101436 0 0 0 0 0 0 0 0.0831883 0.0519938 0.0482313 0.0323537 0.0495326 0.0470278 0.0356312 0.0249209 0 0 0 0 0 0 0 0 
225 0 0.11865 19399 2.53069 1.10627 1.30827 2.15495 6.89572 3.13324 3.42983 6.5073 2.11242 0.828876 0.771682 1.49337 0.232272 0.0982954 0.0975171 0.188667 4.66405 1.99422 1.35262 1.4358 15.6461 6.21584 4.88121 5.40367 4.50664 1.93852 1.41449 1.46839 0.690777 0.349344 0.209268 0.201194 0.130016 0.0865103 0.0929875 0.118336 0.21859 0.148223 0.155148 0.212509 0.123954 0.0767204 0.0751926 0.104156 0.0405489 0.0268751 0.026734 0.0376031 0.173975 0.114341 0.0935969 0.0963524 0.327818 0.205292 0.182223 0.193626 0.178424 0.117918 0.100812 0.103154 0.070359 0.0497705 0.0369721 0.0370354 
225 25 0.11865 19399 2.39932 1.24717 1.31224 2.38507 6.67994 3.09286 3.16018 6.33239 1.52833 0.644573 0.663314 1.35157 0.093132 0.0620753 0.0437414 0.128354 4.69949 2.01774 1.60913 1.37785 14.3372 6.36266 4.76776 4.77487 3.49142 1.7934 1.35914 1.18146 0.390595 0.158583 0.115532 0.221361 0.126386 0.0920248 0.0931091 0.127024 0.214396 0.146966 0.146698 0.209906 0.104311 0.068701 0.0693566 0.0995944 0.0247699 0.0204268 0.01739 0.0306801 0.174559 0.113504 0.103275 0.0957103 0.31413 0.20845 0.180121 0.181241 0.157054 0.112477 0.10012 0.0928053 0.053301 0.0323417 0.0291505 0.0385502 
225 50 0.11865 19399 2.35096 1.00071 1.20583 1.97551 4.69142 2.30279 2.62291 4.17812 0.611963 0.38835 0.370564 0.538462 0.0457187 0.0140175 0.00567321 0.0176488 4.40176 2.04054 1.42447 1.3432 10.6335 4.82423 3.71067 3.74616 2.07658 0.922631 0.658067 0.550583 0.192521 0.0963817 0.0478061 0.0156429 0.125884 0.0817489 0.0903611 0.116019 0.179921 0.127429 0.136907 0.171371 0.066704 0.052026 0.0514209 0.0628366 0.0177777 0.0105161 0.00567321 0.0102881 0.170105 0.116842 0.0980584 0.0942352 0.270263 0.18222 0.159184 0.161506 0.121205 0.0806461 0.0691038 0.0621126 0.0370999 0.0253272 0.0197556 0.00972786 
225 75 0.11865 19399 1.33321 0.776227 0.740557 1.31925 1.47919 0.723422 0.773221 1.35952 0.0628205 0.0193814 0.0216294 0.0292512 0 0 0.00609181 0 2.6791 1.31604 0.866928 0.841664 4.22315 1.89626 1.31356 1.4412 0.327677 0.125235 0.0598457 0.106169 0.0108299 0 0 0 0.09466 0.0724493 0.071101 0.0962575 0.102156 0.0718885 0.0755232 0.0980014 0.0206434 0.00995307 0.0126227 0.0147921 0 0 0.00609181 0 0.133771 0.0944182 0.0763413 0.0755351 0.169715 0.115437 0.0938383 0.102452 0.0463859 0.0286325 0.0195708 0.0289389 0.00765789 0 0 0 
225 95 0.11865 19399 0.196972 0.0862473 0.105025 0.0968708 0.159897 0.0451503 0.015766 0.042954 0.011347 0 0 0 0 0 0 0 0.758395 0.323166 0.207141 0.14188 0.509333 0.183581 0.135509 0.140134 0.0227249 0.0126877 0.00576981 0 0 0 0 0 0.0353717 0.0240743 0.0257005 0.0247952 0.0323979 0.0173317 0.00913749 0.0157969 0.00802358 0 0 0 0 0 0 0 0.0685907 0.0444715 0.0369862 0.0292022 0.0552897 0.0329808 0.0296885 0.0308268 0.0132729 0.00906843 0.00576981 0 0 0 0 0 
250 0 0.0767919 19399 1.74092 0.75233 0.86625 1.58653 6.33051 2.73054 2.90835 5.67505 2.70308 1.32179 1.39441 2.47976 0.830738 0.511303 0.421985 0.734085 3.00539 1.36682 0.890772 0.97902 12.1861 5.46244 4.01005 4.14323 6.21078 2.95458 2.18751 2.01244 2.22697 0.962857 0.865206 0.679637 0.136011 0.0890938 0.0947176 0.130447 0.265488 0.173728 0.180548 0.253292 0.17497 0.122925 0.124941 0.169964 0.0980994 0.0758189 0.0723809 0.0935875 0.177337 0.121284 0.096969 0.101874 0.365222 0.245085 0.210276 0.21305 0.262925 0.183454 0.156904 0.150683 0.161232 0.104923 0.100146 0.0886886 
250 25 0.0767919 19399 1.54678 0.843106 0.996197 1.68197 5.63053 2.86143 2.57199 6.06206 2.5666 1.25771 1.49735 2.48452 0.714558 0.404645 0.295444 0.57219 2.80504 1.47081 1.05176 0.983867 12.6 5.606 3.36781 4.4033 5.78134 2.49333 2.17883 2.26647 1.76504 0.770845 0.648994 0.484158 0.129794 0.0963718 0.102998 0.135935 0.248967 0.178757 0.168107 0.258482 0.170706 0.118778 0.131348 0.169998 0.091323 0.0687763 0.0573497 0.0829193 0.173449 0.123711 0.104138 0.10171 0.370702 0.247567 0.190257 0.219198 0.253892 0.167361 0.157329 0.162914 0.139728 0.0935473 0.0827418 0.0749745 
250 50 0.0767919 19399 1.45817 0.736333 0.723467 1.59469 5.76194 2.78302 2.92979 5.07088 1.90454 1.10226 0.945533 1.88739 0.350955 0.220806 0.223022 0.321862 2.58781 1.41219 0.98184 0.841478 11.0988 4.85046 3.90444 4.16011 4.8927 2.07003 1.42619 1.59834 1.03098 0.436904 0.341093 0.260144 0.125188 0.0881423 0.0876452 0.131085 0.254857 0.175404 0.184057 0.238698 0.148309 0.112728 0.103561 0.148966 0.0652273 0.051199 0.0529272 0.0626877 0.165158 0.123668 0.102617 0.0947292 0.348843 0.23146 0.208176 0.215608 0.236257 0.15159 0.127913 0.135115 0.106675 0.0710357 0.0626263 0.057321 
250 75 0.0767919 19399 1.43955 0.818326 0.741569 1.49026 3.40056 1.64993 2.08415 3.81434 0.775206 0.457933 0.358272 0.610364 0.0551229 0.0308062 0.0322099 0.0736077 2.95517 1.37789 1.03926 1.16368 9.34392 4.23519 3.00601 2.80907 2.55398 1.00794 0.985898 0.520274 0.331328 0.130708 0.099944 0.111418 0.123677 0.0942135 0.0922547 0.127978 0.194742 0.135158 0.152972 0.207361 0.0957817 0.0733972 0.0630027 0.0817497 0.0251402 0.015832 0.0187357 0.0277834 0.173749 0.12093 0.106349 0.112385 0.320491 0.217086 0.183183 0.177764 0.170378 0.106432 0.106296 0.0772805 0.0596931 0.0399362 0.034791 0.0359465 
250 100 0.0767919 19399 0.95339 0.519028 0.607877 0.907506 1.56182 0.628681 0.881834 1.29466 0.111482 0.0640162 0.0323932 0.0583659 0 0 0 0 2.23265 0.889008 0.676794 0.717817 4.10704 1.84362 1.24665 1.28763 0.524063 0.133912 0.143413 0.107826 0.0378973 0.00410025 0.0212991 0 0.101222 0.0773809 0.0804534 0.0984206 0.13384 0.0822566 0.100494 0.122588 0.0349923 0.0261971 0.0204733 0.0262282 0 0 0 0 0.156009 0.0964429 0.0858887 0.0877336 0.211435 0.143206 0.118816 0.122292 0.0740919 0.0371553 0.042933 0.0332935 0.0190161 0.00410025 0.0142251 0 
250 120 0.0767919 19399 0.129038 0.0418588 0.0478201 0.0828279 0.150098 0.0659217 0.0484033 0.0813056 0 0 0 0 0 0 0 0 0.675751 0.252695 0.183578 0.0804227 0.764344 0.242112 0.111499 0.163714 0.0411867 0.0177702 0 0 0 0 0 0 0.0362677 0.020042 0.0242512 0.0302281 0.0375412 0.0256072 0.022667 0.0285852 0 0 0 0 0 0 0 0 0.0825669 0.0500647 0.0449429 0.0279608 0.0875272 0.0474435 0.0345456 0.0404118 0.0208687 0.0131513 0 0 0 0 0 0 
275 0 0.0509848 19399 1.17999 0.5596 0.576491 0.917947 4.62264 2.24566 2.35138 4.32489 2.98945 1.37407 1.55084 2.66755 1.69145 0.826717 0.857554 1.63063 1.74026 0.818353 0.572648 0.681005 9.01608 3.68874 2.77588 2.87208 6.45581 2.72257 2.134 2.25848 3.898 1.71918 1.28759 1.12704 0.0926818 0.0647029 0.0662814 0.0823209 0.186655 0.130955 0.134062 0.181971 0.151647 0.103591 0.110241 0.145374 0.116802 0.0829173 0.0820886 0.114419 0.111358 0.0776705 0.0644244 0.0714716 0.260744 0.16583 0.145102 0.146677 0.221398 0.144822 0.127257 0.132442 0.175238 0.116026 0.100333 0.0934695 
275 25 0.0509848 19399 1.18426 0.455323 0.504524 1.14759 4.44233 1.98912 1.99365 4.51508 3.19172 1.43044 1.41598 2.66836 1.48257 0.629857 0.773248 1.47665 1.73569 0.771108 0.582874 0.528509 8.68389 3.59978 2.56458 2.83448 5.97614 2.82646 2.01954 1.94307 3.27847 1.71405 1.1535 1.01719 0.0919057 0.0576189 0.0607325 0.0918936 0.180972 0.12212 0.121871 0.183754 0.155785 0.104609 0.103294 0.143627 0.107441 0.0697455 0.0773894 0.107971 0.110146 0.0738147 0.0643723 0.060574 0.253598 0.162395 0.136704 0.144083 0.212206 0.147346 0.122783 0.122221 0.159891 0.116039 0.0937398 0.0902624 
275 50 0.0509848 19399 1.21074 0.636787 0.457595 1.05557 4.3609 2.03392 2.26634 3.87913 2.83499 1.28444 1.37287 2.41415 1.07379 0.561082 0.436756 0.896951 1.95862 0.731981 0.616923 0.588693 8.57415 3.56843 2.90672 3.0941 5.6087 2.41227 1.93649 1.94892 2.53515 1.15078 0.780621 0.763103 0.0932063 0.0686709 0.0565406 0.0870814 0.181453 0.123605 0.13143 0.169449 0.148734 0.100262 0.102656 0.13643 0.0925475 0.0666271 0.0580806 0.0850289 0.119275 0.072037 0.0670351 0.06492 0.252167 0.162439 0.146325 0.15189 0.205809 0.135091 0.121668 0.123741 0.140781 0.0936938 0.0786795 0.0773244 
275 75 0.0509848 19399 1.10508 0.543956 0.593791 1.09237 3.8995 1.79572 2.00431 3.86646 1.85533 1.04216 1.00629 1.69536 0.459606 0.288438 0.256835 0.46955 1.97114 0.846448 0.650734 0.619743 8.02327 3.92134 2.83208 2.71046 4.24391 1.8023 1.60991 1.46566 1.43437 0.640822 0.362433 0.389853 0.0887674 0.0622774 0.0658101 0.0892738 0.17044 0.116314 0.121447 0.170588 0.119239 0.0892162 0.088894 0.114229 0.0608227 0.0472027 0.0446888 0.0606029 0.116689 0.0773722 0.0684914 0.0668379 0.242988 0.171254 0.14358 0.141172 0.177808 0.116188 0.110767 0.105063 0.103122 0.0691631 0.0528601 0.0552207 
275 100 0.0509848 19399 1.07406 0.458763 0.544693 0.928819 3.03481 1.34723 1.52331 2.89076 0.812435 0.391702 0.507246 0.682111 0.13127 0.0525495 0.070351 0.0978155 1.97184 0.860591 0.712351 0.638057 7.05837 3.19235 2.47607 2.24688 2.64885 0.908988 0.797257 0.723492 0.459994 0.146021 0.149894 0.133456 0.08739 0.0584173 0.0638051 0.0825956 0.151307 0.101217 0.108045 0.147378 0.0792519 0.0551503 0.0631835 0.0726771 0.0308732 0.0200852 0.0236543 0.0258405 0.117703 0.0780527 0.071868 0.0674043 0.227976 0.153295 0.134212 0.130852 0.142289 0.0823292 0.0788621 0.0745577 0.0618374 0.0332114 0.0339875 0.0315821 
275 125 0.0509848 19399 0.898594 0.410859 0.481774 0.671438 1.26391 0.538699 0.582932 0.96606 0.131878 0.0381151 0.070259 0.075549 0 0.00653089 0 0.00615427 1.54149 0.702908 0.665184 0.442072 3.53478 1.52085 1.20883 0.945804 0.472523 0.195657 0.148915 0.0999453 0.0468665 0.00656308 0.0181712 0 0.0810331 0.0544157 0.0594052 0.069999 0.0979295 0.0648049 0.0657208 0.0859499 0.0308458 0.0172977 0.0223215 0.0243409 0 0.00653089 0 0.00615427 0.105662 0.0703754 0.0692551 0.056833 0.161145 0.107309 0.0944692 0.0847681 0.0587105 0.0382625 0.0342075 0.0294162 0.0195566 0.00656308 0.0120692 0 
275 145 0.0509848 19399 0.166567 0.0636196 0.0558228 0.128437 0.208341 0.0524021 0.0477686 0.095894 0.018037 0 0 0 0 0 0 0 0.46455 0.200869 0.161302 0.142205 0.698439 0.284094 0.174647 0.0671975 0.0276847 0.029031 0.00666386 0 0 0.00589438 0 0 0.0347308 0.0206094 0.0198186 0.0314216 0.0380241 0.0185719 0.0175116 0.0253919 0.0104203 0 0 0 0 0 0 0 0.0563535 0.0373362 0.0335699 0.0316651 0.0691984 0.0444376 0.0345356 0.0205897 0.01398 0.0130058 0.00666386 0 0 0.00589438 0 0 
300 0 0.034934 19399 0.771074 0.338902 0.439187 0.776785 3.41629 1.41024 1.55858 2.96081 2.52205 1.19129 1.37337 2.38371 2.33481 1.12687 1.23593 2.28058 1.225 0.424813 0.371251 0.331786 5.65248 2.31753 1.98154 1.98233 4.92275 2.38076 1.61666 1.70479 5.13519 2.25231 1.62431 1.61653 0.0622332 0.041463 0.0473872 0.0629853 0.13244 0.0857102 0.0892526 0.12315 0.114731 0.0780928 0.0848991 0.111578 0.111758 0.0783063 0.082118 0.111807 0.0772422 0.0454758 0.0429625 0.0400499 0.169566 0.109018 0.100626 0.100901 0.15971 0.110898 0.0914419 0.0945314 0.166142 0.110111 0.0936213 0.0939913 
300 25 0.034934 19399 0.699016 0.288393 0.408201 0.871838 3.25104 1.54163 1.67171 2.77121 2.71837 1.17866 1.37848 2.50167 2.1574 1.05222 1.18347 1.96435 1.15366 0.507932 0.326506 0.403776 5.67807 2.38559 1.86493 1.8327 5.0979 2.27499 1.67602 1.64825 4.92259 1.91737 1.65279 1.52095 0.0595065 0.0378531 0.0449509 0.0670598 0.129793 0.0899212 0.0936603 0.12062 0.120716 0.0783316 0.0855473 0.114955 0.108044 0.0759734 0.0792756 0.104026 0.0756699 0.051135 0.0399439 0.045425 0.170624 0.111406 0.0976733 0.0971769 0.163547 0.10992 0.0930444 0.0932016 0.163283 0.10138 0.0944931 0.0904113 
300 50 0.034934 19399 0.809217 0.318517 0.396712 0.630823 3.43356 1.39661 1.5458 2.74727 2.59396 1.1326 1.39723 2.21372 2.05759 0.844909 0.858134 1.6537 1.26598 0.49442 0.40525 0.325447 5.46892 2.32463 1.82659 1.94992 4.98264 2.03749 1.81208 1.5062 3.98241 1.92523 1.1234 1.34126 0.0629722 0.040361 0.044693 0.055784 0.133598 0.0847572 0.0893588 0.119685 0.11739 0.077147 0.0862111 0.10754 0.106048 0.0673496 0.0686843 0.0954091 0.0792607 0.0496681 0.044795 0.0407493 0.1671 0.10915 0.0966799 0.099702 0.16188 0.102343 0.0969455 0.0877179 0.146327 0.102473 0.0774581 0.0846515 
300 75 0.034934 19399 0.76844 0.31244 0.401939 0.76103 3.21147 1.34262 1.80822 3.05151 2.2017 1.05663 1.20053 1.92933 1.3359 0.565443 0.594712 1.11176 1.25935 0.515011 0.399215 0.364258 5.99342 2.4419 1.72607 2.12947 4.43935 2.09009 1.37861 1.74102 3.01471 1.24054 1.06219 1.0041 0.0620533 0.0399695 0.0449455 0.0618734 0.129875 0.0833692 0.0984685 0.126275 0.108907 0.0747687 0.0806809 0.101462 0.0860931 0.0553972 0.057653 0.078425 0.078294 0.0505444 0.0444458 0.0428357 0.175315 0.113391 0.0935514 0.105611 0.152265 0.105638 0.0855992 0.096516 0.127617 0.0829246 0.0763615 0.0738001 
300 100 0.034934 19399 0.771979 0.275215 0.313507 0.711938 2.851 1.34776 1.4952 2.61392 1.56078 0.845331 0.874468 1.4622 0.511809 0.258597 0.334775 0.562758 1.14594 0.546223 0.348683 0.476824 5.85674 2.49292 2.02774 1.89676 3.82357 1.72886 1.29778 1.25479 1.73342 0.66438 0.488044 0.441227 0.0616993 0.0365465 0.0395572 0.0600783 0.120213 0.0835851 0.0885198 0.117368 0.0919504 0.067106 0.0687921 0.0875068 0.0524753 0.0383826 0.0430544 0.0557105 0.0747692 0.0518907 0.0420842 0.049235 0.173268 0.113615 0.102023 0.0986876 0.141662 0.0951012 0.084367 0.0818288 0.0961469 0.0593603 0.0521941 0.0484153 
300 125 0.034934 19399 0.646608 0.334094 0.381866 0.644719 2.18469 1.03827 1.04303 2.12709 0.783153 0.375844 0.380828 0.675645 0.123132 0.097926 0.102103 0.135224 1.33006 0.519723 0.406024 0.464837 5.09863 2.29497 1.75953 1.61825 2.17533 0.953389 0.73736 0.590017 0.466121 0.195907 0.208267 0.109873 0.0571544 0.0410481 0.0436728 0.0571991 0.106657 0.0745923 0.0736339 0.104955 0.0642179 0.0448352 0.0453393 0.0595845 0.0249069 0.0233251 0.0244456 0.0267403 0.0807439 0.0508761 0.0442619 0.0485808 0.162325 0.107896 0.0961232 0.0922275 0.108072 0.0718455 0.0634329 0.0558645 0.0489224 0.0314838 0.0335954 0.0239272 
300 150 0.034934 19399 0.474883 0.283295 0.301331 0.479853 1.07335 0.527475 0.458808 0.908863 0.152746 0.0582099 0.0670401 0.0962845 0.00892891 0 0.0108167 0.00429781 1.12852 0.531619 0.362174 0.394384 2.52471 1.0734 0.874389 0.846642 0.576528 0.225261 0.138554 0.0830466 0.0910233 0.024619 0.0197491 0.0160496 0.0498641 0.0379935 0.0393746 0.0487178 0.0757425 0.0526455 0.0483449 0.069262 0.0288826 0.0179704 0.0189734 0.0230022 0.00631752 0 0.00764861 0.00429781 0.0749328 0.0515766 0.042175 0.044862 0.11413 0.0751331 0.067522 0.0669997 0.0552116 0.0339442 0.0267644 0.0203227 0.0218199 0.0103175 0.00989698 0.00821709 
300 170 0.034934 19399 0.130375 0.0546966 0.058382 0.0348375 0.129806 0.0696964 0.0729685 0.0575276 0.00932498 0.00557015 0 0.00477609 0 0 0 0.00412675 0.395156 0.148193 0.109969 0.10055 0.539896 0.303128 0.167249 0.11168 0.0588767 0.0228725 0.00669869 0.0128105 0.00428375 0 0 0.00257194 0.0253762 0.0169896 0.0178457 0.0134285 0.0242534 0.01953 0.0185541 0.0167328 0.00607217 0.0045671 0 0.00477609 0 0 0 0.00412675 0.0435035 0.0271846 0.0240292 0.0223976 0.0504633 0.0381547 0.0273833 0.0232228 0.0162882 0.00952159 0.00486261 0.00739814 0.00428375 0 0 0.00257194 
325 0 0.0245168 19399 0.545603 0.239509 0.318898 0.585952 2.27658 1.03448 1.10985 2.28395 2.1579 1.01496 1.14748 1.96816 2.81827 1.42888 1.49843 2.53737 0.676011 0.275967 0.240495 0.188436 3.75097 1.51614 1.16824 1.1972 3.83457 1.57123 1.21413 1.26127 5.42715 2.46961 1.85839 1.90077 0.044536 0.028718 0.0346506 0.0456896 0.0911464 0.0613797 0.0635702 0.0918428 0.0894451 0.0611816 0.065414 0.0857273 0.103715 0.0740371 0.0754438 0.0982284 0.0483662 0.0311175 0.0289341 0.0257049 0.116756 0.073895 0.0647294 0.0656962 0.118848 0.0758156 0.0663621 0.0686453 0.143686 0.0964151 0.0846369 0.0853774 
325 25 0.0245168 19399 0.592363 0.235946 0.222317 0.497923 2.44821 1.03162 1.22282 2.0905 2.15628 0.904589 0.893213 1.87405 2.86389 1.22129 1.30443 2.45569 0.636919 0.302172 0.260605 0.269935 3.75786 1.56285 1.2741 1.36926 3.94457 1.57552 1.26848 1.11551 5.32279 2.30981 1.79705 1.83666 0.0460053 0.0297675 0.0284478 0.0423654 0.0956584 0.0621091 0.0679714 0.0877886 0.0899265 0.0587401 0.0577795 0.0845069 0.106163 0.0691489 0.0714116 0.0982579 0.0470295 0.0329529 0.0304534 0.0313974 0.116978 0.0763795 0.0685691 0.0718201 0.121099 0.0767798 0.0685243 0.0644024 0.143645 0.094685 0.0832469 0.0844823 
325 50 0.0245168 19399 0.616875 0.228042 0.290352 0.541159 2.35354 1.00459 1.1791 2.14537 2.16217 0.978966 0.917659 2.00192 2.55756 1.19269 1.11648 2.26367 0.789225 0.378226 0.271208 0.222036 3.86698 1.64959 1.22045 1.21497 3.77729 1.56145 1.18925 1.19649 4.644 2.01756 1.67343 1.55201 0.0474361 0.0282962 0.0322723 0.0440939 0.0929194 0.0606431 0.0655578 0.0886762 0.0898236 0.0601921 0.0586632 0.08697 0.098914 0.0682657 0.0652131 0.0933079 0.0524893 0.03708 0.0308221 0.0280397 0.118318 0.0767779 0.0663424 0.066657 0.117218 0.0755166 0.0661385 0.0661456 0.132482 0.087911 0.0800011 0.0766147 
325 75 0.0245168 19399 0.469001 0.222669 0.282282 0.459429 2.28502 1.06228 1.12825 2.10029 2.02822 0.857979 0.964698 1.62854 1.97189 0.955015 1.01556 1.73443 0.772775 0.290452 0.24896 0.199472 3.98676 1.69171 1.25405 1.37499 3.62928 1.58941 1.24683 1.2647 3.99009 1.76255 1.31099 1.22368 0.041698 0.0280659 0.0322549 0.0406649 0.0915388 0.062641 0.065009 0.0884427 0.0869482 0.0568679 0.0596398 0.0779034 0.0875062 0.0602768 0.0621274 0.0821381 0.0523604 0.0317178 0.02973 0.0263912 0.120038 0.0787366 0.0675924 0.0706043 0.117131 0.0774721 0.06818 0.0683484 0.123873 0.082314 0.0706144 0.0689261 
325 100 0.0245168 19399 0.483107 0.212137 0.251935 0.486427 2.35056 1.17018 1.108 1.94615 1.75129 0.707553 0.879063 1.61435 1.20468 0.578785 0.676273 1.1305 0.884522 0.270348 0.253279 0.262786 4.17881 1.87497 1.54394 1.30346 3.19586 1.51301 1.26163 1.09889 2.76672 1.20046 1.01349 0.857039 0.0419344 0.0272956 0.0306644 0.0425954 0.0937122 0.0661229 0.0642293 0.0850408 0.0816762 0.0517764 0.057755 0.078539 0.0684241 0.0478021 0.051761 0.0663031 0.0562566 0.0305354 0.0303603 0.0307364 0.12423 0.0836802 0.0758571 0.0689811 0.109916 0.0750841 0.0696212 0.0646358 0.103319 0.0679833 0.0633178 0.0582383 
325 125 0.0245168 19399 0.485744 0.213433 0.250411 0.494035 2.16738 0.993458 1.15185 2.00579 1.47767 0.656989 0.797353 1.3018 0.561507 0.287943 0.233452 0.51671 0.77906 0.42827 0.268191 0.253268 3.86309 1.76761 1.37533 1.40707 2.94416 1.37497 0.949319 1.00167 1.57169 0.624108 0.57246 0.464081 0.0416258 0.0275677 0.0296684 0.0424538 0.0893967 0.0607933 0.06642 0.08599 0.075372 0.0501723 0.0558875 0.0714666 0.0469225 0.0337012 0.0296881 0.0452538 0.0527036 0.0395701 0.0308456 0.030197 0.1189 0.0808985 0.0711726 0.0721928 0.105193 0.0720892 0.0594501 0.061369 0.0775269 0.0486449 0.0469982 0.0429697 
325 150 0.0245168 19399 0.565636 0.214797 0.259338 0.419221 1.68849 0.824461 0.983305 1.58583 0.682123 0.379252 0.30671 0.599001 0.188278 0.119083 0.0836383 0.116591 0.88856 0.36975 0.339371 0.382577 3.84285 1.73874 1.46185 1.20571 1.71297 0.837506 0.603332 0.535613 0.622692 0.30155 0.161225 0.17531 0.0455351 0.0281896 0.0306257 0.0390828 0.0804311 0.0561306 0.0610033 0.0783161 0.051294 0.0380954 0.0346105 0.0483741 0.0269537 0.0217396 0.0179817 0.0219918 0.0565588 0.0361595 0.0352616 0.0371532 0.12018 0.0806171 0.0740433 0.0680238 0.0810315 0.0572477 0.0489524 0.0453133 0.0488731 0.0343785 0.0255772 0.0265374 
325 175 0.0245168 19399 0.346279 0.130433 0.136801 0.403186 0.758418 0.352513 0.379932 0.756583 0.101518 0.0301881 0.0372328 0.086135 0.00471903 0.00484168 0.00246928 0.0241756 0.78251 0.367628 0.262893 0.257838 2.11242 0.966638 0.824518 0.74736 0.450825 0.244128 0.12724 0.111742 0.0897972 0.0313771 0.0500093 0.00755345 0.0362895 0.0214853 0.0227289 0.0391121 0.053414 0.0364137 0.0382337 0.0535462 0.0186175 0.00987435 0.0115316 0.0177296 0.00345736 0.00356429 0.00246928 0.0100228 0.0528902 0.0363612 0.0305005 0.030532 0.0884894 0.0601007 0.0555631 0.0528954 0.0400384 0.0300041 0.0219791 0.0205214 0.0176418 0.010759 0.0130647 0.00542862 
325 195 0.0245168 19399 0.0903331 0.034265 0.0344506 0.0508895 0.094477 0.0392904 0.0294653 0.0675524 0.00914451 0.00303212 0.00608281 0 0 0 0 0 0.309712 0.133578 0.0866238 0.076029 0.52432 0.221858 0.117068 0.115529 0.0710177 0.0248942 0.0185466 0.0181656 0.0131555 0.0041533 0.0083965 0 0.0176625 0.0109587 0.0115287 0.0136254 0.0171959 0.0120701 0.00962689 0.01528 0.00524683 0.00303212 0.00430149 0 0 0 0 0 0.0330865 0.0221731 0.0172524 0.0164263 0.0426528 0.0276913 0.0196163 0.0204932 0.0153039 0.00861802 0.00757698 0.00738694 0.00612719 0.0041533 0.00523334 0 
350 0 0.0174041 19399 0.345434 0.167285 0.172264 0.379927 1.73562 0.716815 0.858523 1.49853 1.56308 0.640544 0.74827 1.76202 3.09774 1.34261 1.36151 2.68036 0.475514 0.178691 0.173819 0.188657 2.40104 1.03138 0.855928 0.875499 2.66924 1.07252 0.97138 0.881907 5.14741 1.99333 1.93957 1.63375 0.040402 0.0274242 0.0290221 0.0422734 0.0905558 0.0579737 0.0637853 0.0841356 0.0859602 0.0547782 0.0589858 0.0918975 0.122991 0.0812367 0.081834 0.114219 0.0463293 0.0283295 0.0287618 0.0295021 0.105058 0.0691834 0.0636292 0.0639871 0.111858 0.071587 0.0683307 0.0641702 0.1574 0.0974887 0.0980906 0.0878079 
350 25 0.0174041 19399 0.402589 0.191831 0.161099 0.360889 1.63941 0.743647 0.90545 1.50828 1.60385 0.707192 0.87003 1.4941 2.87708 1.30064 1.39651 2.66426 0.462232 0.22454 0.18812 0.174708 2.33641 0.93463 0.79428 0.865468 2.71569 1.19878 0.754693 0.903452 5.05311 1.92307 1.59782 1.72806 0.0423596 0.0293914 0.0271953 0.0406145 0.0881235 0.0594638 0.0646712 0.0844782 0.0863632 0.0572427 0.0646919 0.0842433 0.118161 0.0797891 0.0821287 0.114074 0.0455968 0.0316644 0.0293251 0.0283707 0.104139 0.0655552 0.0604222 0.0636793 0.112212 0.0747983 0.0596401 0.0655338 0.155556 0.097184 0.0879776 0.0925495 
350 50 0.0174041 19399 0.372965 0.164832 0.165712 0.343531 1.6321 0.798093 0.813076 1.64817 1.63028 0.727955 0.67244 1.456 2.75029 1.19864 1.29736 2.41107 0.411288 0.266335 0.127361 0.125534 2.51612 0.90855 0.832557 0.731398 2.59759 1.15038 0.90828 0.883688 4.82354 2.05071 1.79799 1.48291 0.0410676 0.0277681 0.0275759 0.0399124 0.0885267 0.0611462 0.0622039 0.0879516 0.0879062 0.0594858 0.055999 0.0832653 0.116375 0.0774774 0.0809185 0.108981 0.0425364 0.0343447 0.0237828 0.0232939 0.108622 0.0643018 0.0614874 0.0589791 0.111013 0.0735783 0.0647849 0.0641549 0.153002 0.1007 0.0939474 0.0844506 
350 75 0.0174041 19399 0.337624 0.171231 0.208717 0.377159 1.61356 0.778739 0.859057 1.51934 1.53715 0.699168 0.827254 1.41552 2.29595 0.998309 1.20751 2.09794 0.460001 0.15168 0.181683 0.15197 2.89541 1.05199 0.771079 0.815054 2.82648 1.24185 0.810068 0.878617 4.09593 1.8432 1.52392 1.42008 0.0393225 0.0277035 0.0311592 0.041285 0.0873674 0.0603634 0.0641096 0.0833961 0.0848266 0.0573208 0.0628888 0.0820011 0.106026 0.0699371 0.0769741 0.102091 0.0462715 0.0263555 0.0278955 0.0262432 0.116483 0.0701553 0.0595197 0.0615586 0.115897 0.0768143 0.0613471 0.0647727 0.140111 0.0947037 0.0863768 0.0830101 
350 100 0.0174041 19399 0.394067 0.163771 0.175203 0.399656 1.68252 0.710265 0.85867 1.54081 1.49513 0.773904 0.785027 1.39207 1.88787 0.842121 0.902842 1.6629 0.494816 0.219997 0.198628 0.192224 2.78841 1.07842 0.884074 0.968591 2.69751 1.19282 0.859561 0.768501 3.36069 1.43351 1.33322 1.04973 0.0430864 0.0272584 0.0283734 0.043154 0.0892078 0.0577184 0.0633384 0.084004 0.0846376 0.0600343 0.0618099 0.0809561 0.0961565 0.0637375 0.0669566 0.0909715 0.0474744 0.0309381 0.0293118 0.0293422 0.11381 0.0701966 0.0637136 0.0671998 0.112617 0.0756911 0.0625658 0.0598424 0.126574 0.0823988 0.0804145 0.070918 
350 125 0.0174041 19399 0.40041 0.168952 0.243537 0.439997 1.71077 0.737196 0.816373 1.54876 1.36945 0.531992 0.673432 1.25729 1.13471 0.577031 0.587032 1.0962 0.510129 0.180658 0.205387 0.211471 2.93597 1.27026 0.996981 0.940774 2.78121 1.06159 0.961731 0.831077 2.36232 0.994374 0.82224 0.828347 0.0436429 0.0279819 0.0329971 0.0455202 0.0912343 0.060133 0.0630804 0.0872361 0.0826012 0.0506507 0.0573668 0.0776836 0.0759255 0.0545217 0.0545674 0.0754569 0.048344 0.0284408 0.0308754 0.0317713 0.117969 0.0782238 0.0689311 0.0675609 0.115768 0.0713155 0.0690747 0.0639342 0.108554 0.0712511 0.0637404 0.0646178 
350 150 0.0174041 19399 0.425722 0.165002 0.230375 0.31809 1.49774 0.675219 0.803304 1.43746 0.933538 0.522305 0.528144 0.843243 0.543931 0.339116 0.201926 0.512825 0.555663 0.230173 0.232502 0.180937 2.86543 1.14757 0.994586 0.926625 2.14639 1.01556 0.638841 0.738194 1.42161 0.59798 0.482597 0.440087 0.0447523 0.0269995 0.0327223 0.0381375 0.0840497 0.0565754 0.0622907 0.0832042 0.0667222 0.0501189 0.0515941 0.0642464 0.0518056 0.0420051 0.0312411 0.050551 0.0497774 0.0315719 0.0329698 0.0285949 0.115188 0.0730133 0.0678105 0.0658197 0.100913 0.0698985 0.0560807 0.0593068 0.0828007 0.0532555 0.0480052 0.0467062 
350 175 0.0174041 19399 0.343237 0.1914 0.214148 0.317747 1.32244 0.526264 0.575467 1.1702 0.440562 0.219965 0.240961 0.525822 0.142552 0.108281 0.0607487 0.151263 0.64902 0.268757 0.181631 0.202171 2.99227 1.18943 0.987498 1.02605 1.44213 0.692428 0.412435 0.435701 0.549395 0.255308 0.178563 0.158858 0.0399926 0.0299779 0.0315812 0.0382536 0.0797053 0.0499432 0.0519445 0.0736953 0.0455332 0.0333292 0.0338221 0.0502899 0.0266572 0.0234807 0.0170689 0.0268498 0.0535876 0.034396 0.0276404 0.030241 0.11852 0.0747794 0.0676532 0.0698058 0.0831887 0.0576567 0.0442851 0.0453868 0.0512288 0.0348644 0.0287213 0.0293862 
350 200 0.0174041 19399 0.252836 0.170931 0.162154 0.256025 0.523399 0.230886 0.332585 0.499178 0.113462 0.0779007 0.042319 0.0690448 0.00442333 0.00368403 0.00391417 0.0214404 0.660495 0.329051 0.233963 0.177738 1.64546 0.842255 0.541825 0.562416 0.350484 0.181655 0.147693 0.100973 0.0684344 0.0397672 0.0270126 0.0193447 0.0347798 0.0294024 0.0276572 0.0345823 0.0500577 0.0328207 0.0397668 0.0489109 0.0232521 0.0186951 0.0146322 0.0187588 0.00442333 0.00368403 0.00391417 0.0109618 0.0550547 0.0392352 0.0329677 0.0277645 0.0886145 0.0628037 0.0508256 0.0521534 0.0405123 0.0290447 0.0273608 0.0223366 0.0169108 0.0132708 0.0110776 0.0098362 
350 220 0.0174041 19399 0.114278 0.0419317 0.0311701 0.0362052 0.0904148 0.0537768 0.0419297 0.0242429 0.00790522 0.0126039 0.0140944 0.0075395 0.00395351 0 0 0 0.257748 0.0897792 0.052786 0.0667782 0.42997 0.166519 0.12238 0.0928554 0.0683268 0.0366287 0.00441093 0.0139614 0.0215727 0.00395351 0.00395351 0.00365071 0.0226033 0.0140068 0.0116434 0.0135103 0.0201303 0.0160751 0.0134504 0.0098688 0.0055941 0.006762 0.00832059 0.00533389 0.00395351 0 0 0 0.0350245 0.0200016 0.0147611 0.0173639 0.042471 0.0265756 0.0233948 0.020259 0.0170496 0.0124135 0.00441093 0.00736414 0.00983404 0.00395351 0.00395351 0.00365071 
375 0 0.0126203 19399 0.274309 0.0984366 0.104669 0.242344 1.28375 0.526194 0.512179 1.20659 1.17086 0.625089 0.58375 1.09564 2.76978 1.27634 1.37615 2.50938 0.246026 0.124005 0.10398 0.101388 1.62187 0.774508 0.575781 0.58393 1.89427 0.838204 0.605378 0.613059 4.59342 1.8778 1.69026 1.58848 0.0302363 0.0185834 0.0188269 0.0291751 0.0670235 0.0428976 0.0422657 0.0645817 0.0642513 0.0468728 0.0455923 0.0620906 0.100456 0.0684478 0.0705502 0.0952567 0.02849 0.0200796 0.0191768 0.018614 0.0747164 0.0513587 0.0448582 0.0450488 0.080402 0.054177 0.0464047 0.0465693 0.128193 0.0818418 0.0780108 0.0750026 
375 25 0.0126203 19399 0.238217 0.0820286 0.116539 0.20317 1.08215 0.532737 0.572357 1.1148 1.23242 0.565479 0.554523 0.995573 2.90194 1.27203 1.41528 2.51233 0.273321 0.126574 0.0824069 0.11276 1.56525 0.573093 0.531495 0.584066 1.83967 0.763181 0.499879 0.670534 4.69305 1.98551 1.66622 1.506 0.0280618 0.0163586 0.0199142 0.0262318 0.0617059 0.0431781 0.044919 0.0621833 0.0659554 0.0447858 0.0436356 0.0587845 0.101727 0.0674439 0.07131 0.0959309 0.0301686 0.0207681 0.0161007 0.0204626 0.073262 0.0448145 0.0425733 0.044573 0.0798402 0.0515251 0.041169 0.0483531 0.129075 0.0845248 0.0764577 0.0734031 
375 50 0.0126203 19399 0.278507 0.134945 0.145963 0.235269 1.12911 0.551121 0.514284 1.20716 1.23378 0.557492 0.542494 1.12647 2.48476 1.19424 1.18662 2.52405 0.350934 0.122631 0.0990769 0.140651 1.68478 0.611023 0.544523 0.601199 1.88212 0.751175 0.637041 0.571839 4.30695 1.80087 1.47154 1.57124 0.0310258 0.0212663 0.0224051 0.0279152 0.0623599 0.0433181 0.0423783 0.0647837 0.0650063 0.0442722 0.0435449 0.0622451 0.093067 0.0650489 0.0649488 0.095164 0.0344793 0.0202186 0.0175183 0.0215868 0.0762011 0.0454164 0.0430115 0.0452787 0.0802136 0.0507979 0.047345 0.0441023 0.122748 0.07906 0.0721025 0.0746648 
375 75 0.0126203 19399 0.275675 0.117029 0.148772 0.210605 1.08775 0.469675 0.596948 1.07534 1.32532 0.554149 0.551298 1.06581 2.47035 1.01611 1.1903 2.19171 0.305165 0.128439 0.145165 0.134474 1.73508 0.738412 0.586503 0.542984 1.89171 0.738194 0.583759 0.623714 4.05444 1.81954 1.40754 1.42472 0.0301965 0.0203109 0.0226981 0.0267107 0.060914 0.0399345 0.0456457 0.0608863 0.0679271 0.0441466 0.0441244 0.0610284 0.0939632 0.0606299 0.0648366 0.0887199 0.031833 0.0200525 0.0222802 0.0215559 0.0771006 0.0500423 0.0449776 0.0429182 0.0808478 0.0497388 0.044496 0.0465503 0.120135 0.0798059 0.0708097 0.0714861 
375 100 0.0126203 19399 0.239969 0.116429 0.134379 0.231077 1.21363 0.499812 0.566784 1.07489 1.14311 0.543001 0.505464 1.03904 2.13256 0.933422 1.02913 1.80852 0.32204 0.128419 0.114348 0.122849 1.78059 0.727917 0.581896 0.650127 2.02314 0.703969 0.664787 0.693133 3.61249 1.40413 1.3179 1.22387 0.0284931 0.0197661 0.0215023 0.0280768 0.0654341 0.0417705 0.0441424 0.0609408 0.063482 0.0441599 0.0416388 0.0598959 0.0873156 0.0573717 0.0607138 0.0803971 0.0327334 0.020308 0.019436 0.0203156 0.0779451 0.0496439 0.0447725 0.0472254 0.084302 0.049121 0.0482183 0.0486622 0.113042 0.0708612 0.0681697 0.0659465 
375 125 0.0126203 19399 0.266224 0.111726 0.131701 0.202692 1.2197 0.489939 0.603083 1.02568 1.09035 0.488576 0.579344 0.952482 1.63828 0.721436 0.758788 1.42012 0.333213 0.141739 0.130792 0.0946028 1.90265 0.817083 0.638241 0.629477 2.07173 0.787874 0.595307 0.674106 2.88916 1.33644 0.966844 1.02086 0.0295521 0.0195615 0.0211651 0.0264709 0.0648223 0.0410908 0.0456527 0.0593428 0.0618101 0.0410502 0.0446711 0.057818 0.0771532 0.0509827 0.0520962 0.0713121 0.0329466 0.0215249 0.0211177 0.0179795 0.0796771 0.0526792 0.0461488 0.0464648 0.0848483 0.0524131 0.0453604 0.0486652 0.100829 0.0686716 0.0584843 0.0608313 
375 150 0.0126203 19399 0.286181 0.11008 0.153154 0.243831 1.14159 0.532326 0.598007 1.10837 0.977182 0.50011 0.544908 0.937057 1.03091 0.4608 0.5389 0.901649 0.346694 0.175397 0.138451 0.147374 1.88408 0.819545 0.608352 0.616553 1.92376 0.877525 0.631601 0.661049 2.12278 0.918284 0.7678 0.687234 0.0315506 0.0196972 0.0233598 0.0288573 0.0625998 0.0425728 0.0449789 0.0618001 0.0582149 0.0414883 0.0440204 0.0578182 0.0609475 0.040462 0.0447042 0.0568567 0.0331546 0.0240526 0.0216684 0.0217611 0.0799033 0.0526394 0.0454108 0.04638 0.0820536 0.0555676 0.0464463 0.0479535 0.0866301 0.0575095 0.0523758 0.0491719 
375 175 0.0126203 19399 0.319027 0.0961906 0.128693 0.300364 1.13745 0.57022 0.573988 0.955634 0.73459 0.370831 0.426313 0.715517 0.550343 0.259269 0.277812 0.418678 0.426214 0.174633 0.207089 0.177264 2.12084 0.938346 0.691961 0.784023 1.60698 0.729565 0.536867 0.652727 1.14533 0.563245 0.440056 0.395967 0.0323059 0.0180287 0.0209014 0.0321739 0.0630805 0.0449497 0.0445063 0.0573486 0.0504898 0.0356462 0.0383701 0.0500572 0.0449887 0.0302508 0.0317537 0.0388125 0.0379813 0.0242318 0.0268249 0.0247605 0.0852336 0.0563342 0.0485833 0.0525237 0.0746166 0.0505508 0.0433677 0.0478527 0.0636594 0.045117 0.0396526 0.0373088 
375 200 0.0126203 19399 0.286912 0.141194 0.112642 0.288784 0.814355 0.444117 0.474318 0.830049 0.396523 0.213313 0.225317 0.437948 0.175247 0.0594966 0.103741 0.0986952 0.430509 0.183185 0.172326 0.169222 2.1125 0.883524 0.667855 0.74326 1.03746 0.494903 0.390223 0.395554 0.527149 0.175383 0.166667 0.172245 0.0319378 0.0217531 0.0190382 0.0320847 0.0525887 0.0388185 0.0405348 0.0536083 0.0374054 0.027574 0.0284077 0.039746 0.0252294 0.0146638 0.0191979 0.0194159 0.0380944 0.0245385 0.0241717 0.0235953 0.084736 0.0549064 0.0481677 0.0508983 0.0600155 0.041478 0.0372986 0.0374282 0.0425588 0.0250371 0.0239482 0.0252031 
375 225 0.0126203 19399 0.159003 0.109001 0.0865181 0.158914 0.460264 0.224372 0.251847 0.308083 0.102088 0.0657395 0.0456608 0.0723778 0.0190814 0.00348919 0.00717542 0 0.452334 0.182843 0.133034 0.190462 1.30101 0.521567 0.374799 0.441366 0.317919 0.172441 0.0874048 0.0748464 0.0883273 0.0198269 0.0113993 0.0229962 0.0229363 0.0191168 0.017775 0.0225877 0.0396249 0.0287641 0.0301587 0.0331369 0.01944 0.0155183 0.0128662 0.0161519 0.00830089 0.00348919 0.00513005 0 0.0390871 0.0243412 0.0210425 0.0253889 0.066818 0.0425882 0.0355889 0.038983 0.0325965 0.0249742 0.0167884 0.0166254 0.0167075 0.00742502 0.00570011 0.00849632 
375 245 0.0126203 19399 0.0408188 0.0165546 0.0297819 0.0335458 0.0778992 0.0537071 0.0310972 0.0302776 0.00954997 0.00573561 0.00273408 0.00518452 0 0 0.00272306 0 0.170032 0.0676198 0.0568307 0.0577336 0.333322 0.164075 0.142854 0.0973195 0.0581644 0.0378157 0.0255119 0.0106919 0.0221367 0.00367918 0 0 0.0118999 0.00713062 0.00944541 0.0102687 0.0157933 0.0131897 0.0111001 0.00960807 0.00541908 0.0040557 0.00273408 0.0035449 0 0 0.00272306 0 0.0238288 0.0148436 0.0133043 0.0136967 0.0329378 0.0233214 0.0214735 0.0176875 0.0135172 0.0102768 0.00852891 0.0054019 0.00780893 0.00367918 0 0 
400 0 0.0092528 19399 0.17925 0.0872231 0.0915264 0.187643 0.938932 0.386588 0.435009 0.785939 0.90226 0.400919 0.492628 0.9049 2.62929 1.1437 1.34111 2.26037 0.159438 0.0899003 0.0703343 0.0729046 1.07769 0.430494 0.363151 0.315283 1.25782 0.556483 0.404166 0.373699 4.03187 1.64033 1.46079 1.32199 0.0211449 0.0146189 0.0151211 0.0218798 0.0492208 0.0313359 0.0333642 0.0449698 0.0478747 0.0317598 0.0357337 0.0484934 0.0835322 0.0546933 0.0594576 0.0770392 0.0197296 0.0146622 0.0132603 0.0132816 0.0518273 0.0326466 0.0298607 0.0278447 0.0561268 0.0372602 0.0317196 0.030741 0.102105 0.0655498 0.0612947 0.058831 
400 25 0.0092528 19399 0.181398 0.0628706 0.108611 0.191451 0.887348 0.386084 0.489587 0.811922 0.787148 0.381988 0.413114 0.822512 2.65819 1.10519 1.28098 2.18193 0.250491 0.0768925 0.0636478 0.068139 1.09777 0.394257 0.346186 0.436375 1.40613 0.511506 0.419519 0.412319 3.91556 1.64746 1.40863 1.43138 0.0210835 0.0123972 0.0167163 0.0219977 0.0478147 0.0314774 0.0354924 0.0458857 0.0451858 0.0314555 0.0328955 0.0460608 0.0841156 0.0537522 0.057988 0.0756497 0.02509 0.0141512 0.0125855 0.012938 0.05296 0.031882 0.0296409 0.0334735 0.0601926 0.0358408 0.0326279 0.0325073 0.101709 0.065644 0.0611413 0.0616186 
400 50 0.0092528 19399 0.16641 0.0581031 0.0992074 0.134084 0.862662 0.419552 0.462928 0.80137 0.880313 0.352887 0.451113 0.815546 2.44118 1.12423 1.18138 2.27985 0.21791 0.102631 0.0467804 0.0560609 1.05294 0.519057 0.353319 0.408546 1.39663 0.492338 0.423989 0.394075 3.76408 1.46344 1.42776 1.43703 0.0202745 0.0121982 0.0160032 0.0177893 0.0467556 0.0332134 0.0343647 0.045108 0.047776 0.0300208 0.0339189 0.0456913 0.0801541 0.0547523 0.0557431 0.0776869 0.0231953 0.0158005 0.0108079 0.0118697 0.051284 0.0364171 0.0299471 0.0324777 0.0598273 0.035079 0.032991 0.0317778 0.098902 0.0620348 0.0611246 0.0620013 
400 75 0.0092528 19399 0.208007 0.0962895 0.0906303 0.173765 0.806454 0.407863 0.467919 0.775518 0.799222 0.428229 0.425134 0.782425 2.22587 1.09822 1.1268 2.0035 0.182379 0.0799453 0.0585362 0.0570165 1.11257 0.439159 0.404473 0.429834 1.386 0.517658 0.426483 0.425322 3.74554 1.49192 1.29972 1.34752 0.0226803 0.0154712 0.0148887 0.0206284 0.0455525 0.0323372 0.0345667 0.0443041 0.0451848 0.0335198 0.0333015 0.0445406 0.0764964 0.053218 0.054219 0.0726862 0.0212322 0.0141462 0.0116482 0.0117154 0.0525413 0.0331823 0.0321014 0.0331008 0.0590074 0.0360385 0.0324725 0.0331418 0.0986427 0.0624408 0.0581158 0.0592265 
400 100 0.0092528 19399 0.180054 0.110107 0.0624402 0.196136 0.866489 0.39934 0.42225 0.799209 0.838607 0.452858 0.442023 0.873867 2.01986 0.911424 0.977552 1.97798 0.224398 0.108745 0.0790508 0.0857384 1.15051 0.525981 0.360252 0.462685 1.3079 0.556348 0.416574 0.47619 3.21586 1.43279 1.15727 1.20345 0.0211042 0.0165921 0.0124003 0.0217517 0.0473841 0.0315546 0.0328525 0.0450744 0.0462124 0.0342627 0.0341723 0.0475086 0.0728283 0.0491365 0.0509188 0.0723156 0.0237388 0.0163662 0.0140998 0.0140739 0.0537695 0.0364583 0.0296572 0.0343374 0.0574086 0.0378649 0.0327946 0.0349107 0.091542 0.0615966 0.0550459 0.0561745 
400 125 0.0092528 19399 0.209107 0.0768947 0.104629 0.157867 0.832802 0.324627 0.462257 0.797536 0.793073 0.400803 0.371722 0.741587 1.68019 0.765017 0.811004 1.54625 0.236126 0.10291 0.0827537 0.0780264 1.22708 0.529301 0.400533 0.403228 1.40986 0.604605 0.476462 0.477986 2.88022 1.22611 1.0522 1.07078 0.0226048 0.0141105 0.0160903 0.0196255 0.0463155 0.0286168 0.0346251 0.0449988 0.0452981 0.0325302 0.030565 0.0436379 0.0663829 0.0449184 0.0464797 0.0646209 0.0238768 0.0159276 0.0147177 0.0141034 0.0551811 0.0365729 0.0319792 0.0321142 0.0602073 0.0390474 0.0350292 0.0347551 0.0870175 0.0562087 0.051943 0.0527566 
400 150 0.0092528 19399 0.189302 0.0982822 0.102432 0.195984 0.802514 0.362744 0.469635 0.853941 0.709947 0.380575 0.412189 0.847489 1.34873 0.593577 0.672298 1.20417 0.220271 0.111605 0.0989996 0.085845 1.3723 0.5978 0.401811 0.528421 1.47763 0.656496 0.503654 0.439331 2.50442 1.06425 0.858371 0.840277 0.0218487 0.0152111 0.0161617 0.022262 0.0451342 0.0305852 0.0346557 0.0470389 0.0423812 0.0310063 0.0327943 0.0467313 0.0596287 0.0399763 0.0422698 0.0568291 0.0232753 0.0166272 0.0154713 0.0144052 0.0589001 0.039017 0.0316326 0.0364222 0.0614102 0.0409592 0.035964 0.0334616 0.08095 0.0527651 0.0475485 0.0473626 
400 175 0.0092528 19399 0.185797 0.0814845 0.0946748 0.203069 0.794661 0.405265 0.432403 0.786743 0.720449 0.331362 0.394811 0.683977 0.820813 0.395207 0.4717 0.782168 0.279124 0.108809 0.0862667 0.10853 1.53076 0.575351 0.512452 0.486238 1.41971 0.642551 0.484754 0.469955 1.7693 0.700299 0.559522 0.631858 0.0213589 0.0137592 0.0148276 0.0226283 0.0452084 0.0321424 0.0333399 0.0445966 0.0429286 0.0294854 0.0321263 0.0418666 0.046706 0.0323124 0.0356888 0.0452101 0.0258486 0.0162768 0.0138686 0.016994 0.06192 0.0382245 0.0359006 0.0353422 0.0601308 0.0406166 0.0355003 0.0351049 0.0680897 0.0428743 0.0379033 0.0408859 
400 200 0.0092528 19399 0.185489 0.107514 0.0691377 0.203243 0.830278 0.363793 0.425769 0.783073 0.60063 0.30326 0.318226 0.588058 0.483239 0.246413 0.222819 0.407745 0.302944 0.119514 0.108941 0.0773875 1.56577 0.590644 0.475662 0.482963 1.34888 0.53851 0.542089 0.440808 1.11387 0.518688 0.359405 0.339693 0.0212764 0.0163657 0.0126892 0.0224703 0.0459626 0.0299592 0.0331639 0.0448111 0.0395469 0.0281673 0.0289469 0.0396806 0.0355819 0.0254804 0.0244742 0.0332188 0.0271826 0.0172652 0.0162419 0.0133232 0.0627502 0.0385126 0.0347325 0.0347884 0.0587438 0.0372413 0.0375929 0.0335855 0.0538917 0.0365277 0.0310442 0.0302903 
400 225 0.0092528 19399 0.203154 0.0962462 0.0882253 0.153402 0.718283 0.303083 0.309987 0.603766 0.360136 0.137421 0.185733 0.311868 0.12776 0.0544544 0.0520803 0.122509 0.327833 0.167284 0.112973 0.106408 1.62721 0.607647 0.517939 0.589181 0.899689 0.432529 0.305886 0.273868 0.36388 0.205274 0.158751 0.0904018 0.0226511 0.015365 0.0149606 0.0195661 0.0429568 0.0280747 0.0283668 0.0395569 0.0306956 0.0190246 0.0223617 0.0285415 0.0182129 0.0125288 0.0117174 0.0181511 0.0278806 0.0205027 0.0167506 0.0161366 0.0647812 0.0391831 0.0365737 0.039436 0.0482635 0.033672 0.0284129 0.026628 0.0301502 0.0230502 0.020774 0.0152393 
400 250 0.0092528 19399 0.142784 0.0719112 0.0555236 0.168752 0.366761 0.154858 0.156933 0.290598 0.0783645 0.0281147 0.0387544 0.0645002 0.00949443 0.00792613 0.00427221 0.00784852 0.328169 0.158776 0.0997174 0.107055 1.03372 0.43832 0.374007 0.322719 0.236518 0.108362 0.117553 0.0878903 0.0819831 0.0190554 0.0181358 0.00459559 0.0186775 0.013393 0.0122317 0.0202859 0.0309817 0.0200091 0.020026 0.027645 0.0138819 0.00830833 0.0104618 0.0129805 0.00464079 0.00418101 0.00302091 0.00442673 0.0284688 0.0198219 0.0155968 0.0161894 0.0508956 0.0336181 0.0311678 0.0291221 0.0244773 0.0167363 0.0175971 0.0149397 0.0142153 0.00673129 0.00631081 0.0032355 
400 270 0.0092528 19399 0.0465675 0.0248699 0.00620428 0.0338573 0.0429637 0.0243704 0.0271966 0.0223638 0.00735184 0.00694652 0.004271 0.00201876 0 0.00202693 0 0 0.139805 0.0526068 0.052895 0.0376533 0.255527 0.127267 0.0769424 0.0525974 0.0840496 0.0190704 0.0242829 0.010114 0.0112837 0.00793676 0.00199655 0.00423935 0.0108454 0.00814141 0.00378438 0.00920275 0.00995303 0.0073674 0.00854906 0.00701161 0.00394376 0.00378713 0.00302006 0.00201876 0 0.00202693 0 0 0.0186413 0.0114546 0.0116264 0.00955608 0.0246359 0.0179005 0.0136763 0.0112088 0.0136003 0.00633895 0.00715342 0.00457757 0.00464055 0.00464566 0.00199655 0.00299828 
425 0 0.00686092 19399 0.174126 0.0628615 0.0854042 0.123541 0.664429 0.257791 0.295577 0.537994 0.614406 0.211854 0.310475 0.631312 2.22079 0.914581 1.06315 2.07657 0.160864 0.0722598 0.048511 0.0475604 0.750954 0.311188 0.262579 0.308544 0.84643 0.355781 0.273782 0.32162 3.52829 1.32093 1.11538 1.22519 0.018245 0.0109994 0.0127736 0.0152143 0.0354299 0.0222462 0.0235133 0.0319829 0.0344565 0.019809 0.02425 0.0350012 0.065607 0.0427218 0.0453379 0.0636965 0.0169523 0.0115542 0.0093743 0.00934144 0.0373977 0.0240934 0.0220693 0.0242646 0.0399359 0.0260057 0.0228902 0.0246898 0.0826939 0.0505844 0.046123 0.0491034 
425 25 0.00686092 19399 0.130643 0.0430542 0.0600442 0.109415 0.546434 0.246092 0.277854 0.580531 0.691019 0.302051 0.322038 0.576414 2.22648 1.01699 1.17207 2.11749 0.165512 0.0637735 0.0449411 0.0533744 0.722486 0.274181 0.229016 0.238969 0.877941 0.39252 0.317299 0.270589 3.29949 1.37964 1.19887 1.12861 0.0157128 0.00909615 0.0102986 0.0143595 0.0326727 0.0218116 0.0232639 0.033723 0.0367784 0.0245638 0.0254181 0.0333011 0.0666579 0.0449907 0.0484508 0.0650755 0.0173318 0.0110806 0.00901441 0.0101503 0.0369444 0.0226955 0.0209874 0.0214027 0.0412461 0.0279585 0.0247238 0.0229932 0.0806424 0.0526926 0.0487983 0.0479414 
425 50 0.00686092 19399 0.133616 0.047342 0.0805549 0.135865 0.640697 0.21355 0.292662 0.57824 0.727854 0.257193 0.322223 0.623782 2.10801 0.925017 1.12978 1.99461 0.17594 0.0597151 0.0536448 0.0505165 0.765017 0.299875 0.230015 0.271021 0.910425 0.322773 0.292754 0.305902 3.46003 1.24091 1.18148 1.19231 0.0157355 0.00922453 0.0121303 0.0158599 0.034853 0.0200388 0.0235767 0.0332896 0.0373311 0.0223312 0.0247645 0.0347046 0.0644251 0.0426238 0.0470131 0.0628017 0.0180783 0.0104824 0.00986702 0.0100108 0.0379916 0.0234832 0.0207908 0.0225775 0.0415595 0.024706 0.0234171 0.0242298 0.0821661 0.0495227 0.0483057 0.0482249 
425 75 0.00686092 19399 0.140421 0.0639661 0.053827 0.100604 0.637494 0.309886 0.276869 0.58228 0.690376 0.288138 0.309577 0.56179 2.13558 1.00921 0.999591 1.88477 0.155386 0.0601677 0.0585039 0.0568979 0.797402 0.298454 0.247358 0.261094 0.937472 0.327503 0.278202 0.296595 3.27168 1.3352 1.08985 1.13563 0.0166579 0.0109409 0.00985983 0.0137512 0.0348313 0.0247584 0.0233298 0.033365 0.0361298 0.0239282 0.0243002 0.0331068 0.0652728 0.0450107 0.0444461 0.0612909 0.0170027 0.0102903 0.0104255 0.0104389 0.0389165 0.0240503 0.0217494 0.0220079 0.0420482 0.0248334 0.022887 0.0238458 0.0802478 0.0508696 0.0465659 0.0472582 
425 100 0.00686092 19399 0.141869 0.0668705 0.0565684 0.128264 0.632192 0.256326 0.316805 0.563087 0.53603 0.250039 0.283886 0.61823 1.95604 0.890426 0.977961 1.75868 0.128693 0.0480985 0.0504678 0.062646 0.802803 0.333481 0.315743 0.25629 0.991067 0.372629 0.303975 0.319153 3.07284 1.30575 1.03389 1.01718 0.016512 0.0109758 0.0104264 0.0154414 0.0346125 0.0220259 0.0242921 0.0327459 0.0321434 0.0218481 0.0230384 0.034236 0.062183 0.041733 0.0435248 0.0585839 0.0153865 0.00942626 0.00957634 0.0107167 0.0387459 0.0247906 0.0243297 0.0222026 0.043225 0.0267362 0.0239173 0.0246257 0.0772278 0.0504382 0.0445556 0.0442909 
425 125 0.00686092 19399 0.151435 0.0825502 0.05638 0.13396 0.608691 0.243095 0.337425 0.657335 0.686963 0.273084 0.290288 0.613778 1.72931 0.693632 0.829896 1.4819 0.170829 0.0838291 0.0497339 0.0595151 0.83974 0.323657 0.291345 0.287105 1.0249 0.37696 0.317524 0.320883 2.78298 1.18004 0.898883 1.00746 0.0170342 0.0126227 0.0103555 0.0157583 0.0339487 0.0212303 0.0252838 0.0353041 0.0364019 0.0229079 0.0235403 0.0340819 0.0581891 0.0368476 0.0402621 0.0538584 0.0175636 0.012355 0.0096524 0.0107699 0.0400671 0.0248223 0.0230238 0.0233393 0.0436791 0.0266999 0.0245401 0.024701 0.0733041 0.0479761 0.0419018 0.0442236 
425 150 0.00686092 19399 0.167121 0.0630544 0.0679405 0.154318 0.611539 0.284749 0.3181 0.627068 0.635029 0.260607 0.283134 0.545159 1.38732 0.621488 0.691506 1.34699 0.141023 0.0571928 0.0526953 0.0703744 0.890748 0.360094 0.291973 0.308461 1.08821 0.451868 0.301404 0.358003 2.45811 1.01631 0.814728 0.898633 0.0176303 0.0107669 0.011251 0.0170935 0.0344502 0.0235002 0.0248229 0.034973 0.0351493 0.0226692 0.0234676 0.0323504 0.0523735 0.0350507 0.0370089 0.0516381 0.0156123 0.0100564 0.00986597 0.0114185 0.0412527 0.0260603 0.0236952 0.023824 0.0455349 0.0297082 0.0241995 0.0263178 0.0693068 0.0449075 0.0401305 0.042165 
425 175 0.00686092 19399 0.14921 0.0739178 0.0691311 0.126172 0.68201 0.278287 0.335982 0.604021 0.628285 0.247669 0.312993 0.652956 1.10148 0.523458 0.553668 0.952033 0.189862 0.0765444 0.0695545 0.0571821 1.00265 0.456826 0.318947 0.351483 1.02628 0.509351 0.364869 0.370603 2.06418 0.797579 0.76682 0.649467 0.0166243 0.0118199 0.0112369 0.0150665 0.036228 0.0232812 0.0254142 0.034077 0.0346807 0.021562 0.0244882 0.0356285 0.0466918 0.0322005 0.0332159 0.0434632 0.0186766 0.0119635 0.0110761 0.0101404 0.0431596 0.0293939 0.0247888 0.0255797 0.044236 0.0312779 0.0263364 0.026499 0.0635564 0.0397393 0.0389014 0.0359085 
425 200 0.00686092 19399 0.174044 0.0771267 0.0661121 0.121805 0.592953 0.25639 0.305754 0.585042 0.601574 0.227902 0.307902 0.510909 0.679411 0.332555 0.327862 0.659901 0.20345 0.0774624 0.0678227 0.0603296 1.01734 0.512147 0.370328 0.393884 1.07646 0.489785 0.363804 0.333843 1.46639 0.627714 0.561683 0.503048 0.0182912 0.0120349 0.0114654 0.0150134 0.0334957 0.0219469 0.0239117 0.0337368 0.0342176 0.0206589 0.0246896 0.0314166 0.0363832 0.0258155 0.0252668 0.0361423 0.0193525 0.0118264 0.0109353 0.0106398 0.0437659 0.0308085 0.0263177 0.0273765 0.0456357 0.0304248 0.0265131 0.0251754 0.053539 0.0352118 0.0335366 0.0313572 
425 225 0.00686092 19399 0.153209 0.072718 0.0750946 0.11948 0.610121 0.29988 0.302349 0.549611 0.470986 0.200869 0.206404 0.444583 0.354449 0.198251 0.163586 0.276729 0.221742 0.079131 0.069298 0.0790721 1.06246 0.454334 0.386964 0.390275 0.965836 0.42068 0.302483 0.345402 0.890664 0.445259 0.288705 0.310192 0.0170384 0.0117496 0.0118426 0.0147401 0.0341503 0.0239044 0.0240153 0.0323635 0.0303021 0.0197997 0.0199785 0.029337 0.0270243 0.0196619 0.0181034 0.0235792 0.020353 0.0117898 0.011306 0.0119405 0.0449298 0.0288253 0.027083 0.0272422 0.0432051 0.0283468 0.0240832 0.0257275 0.0416064 0.0300537 0.0236564 0.0247207 
425 250 0.00686092 19399 0.13438 0.0562244 0.0702024 0.12916 0.534373 0.269819 0.256282 0.500771 0.236057 0.144947 0.138152 0.228079 0.112377 0.0775216 0.0658637 0.0877823 0.247665 0.11547 0.0893213 0.067586 1.09111 0.473723 0.390353 0.382729 0.689241 0.320785 0.238936 0.259455 0.393025 0.153028 0.111839 0.0876021 0.0159888 0.0103226 0.0115004 0.0157287 0.0322394 0.0225646 0.0224246 0.0311838 0.0213632 0.0170565 0.0166115 0.0212283 0.0150506 0.0123766 0.0114332 0.0132045 0.0213098 0.0144478 0.0129317 0.0112287 0.0460341 0.0299653 0.0275274 0.027417 0.0366525 0.0250831 0.021903 0.0229289 0.0278176 0.017332 0.0146174 0.0134063 
425 275 0.00686092 19399 0.0809565 0.0551416 0.0510582 0.13701 0.243103 0.115839 0.132323 0.222606 0.0610172 0.0314062 0.0426358 0.0340489 0.025046 0.00599451 0.00827798 0.00881522 0.227959 0.111956 0.0941833 0.0841157 0.754262 0.322923 0.268614 0.264523 0.285086 0.103898 0.0624671 0.057529 0.0688663 0.04121 0.0163116 0.0130499 0.0126107 0.0103545 0.00994856 0.0163763 0.0215351 0.0149714 0.0161643 0.021155 0.0108671 0.0077205 0.00919827 0.00833088 0.00678135 0.00312469 0.00372656 0.00377132 0.020574 0.0146239 0.0131389 0.0127521 0.0382424 0.0250692 0.0230466 0.0226454 0.0237907 0.0138295 0.0112051 0.0102839 0.0110649 0.00838559 0.00529842 0.00457485 
425 295 0.00686092 19399 0.0188911 0.0130395 0.0194375 0.00862978 0.0494987 0.0266092 0.0271994 0.0160761 0.0106933 0.00633826 0.00149073 0.00184636 0 0.00184636 0 0.00310094 0.112879 0.0431434 0.0333807 0.0330007 0.217683 0.080066 0.074037 0.0443554 0.0522177 0.0216419 0.00648676 0.0131709 0.0177999 0.00710903 0.00323861 0.00477692 0.0059693 0.0047707 0.00611871 0.00390423 0.00914475 0.00676045 0.00735686 0.00550074 0.00418706 0.0032147 0.00149073 0.00184636 0 0.00184636 0 0.00192657 0.0142815 0.00889506 0.00768331 0.00808074 0.0197943 0.011752 0.0115436 0.00921132 0.00916592 0.0061584 0.00317444 0.00470859 0.00556714 0.00339729 0.00226476 0.00277609 
450 0 0.00512995 19399 0.0862977 0.0418646 0.0423365 0.0883788 0.451629 0.169991 0.193728 0.394578 0.475255 0.206094 0.235338 0.410198 1.9187 0.788217 0.95268 1.76423 0.110518 0.0286847 0.0243057 0.0328198 0.533546 0.215123 0.200013 0.170012 0.664627 0.223068 0.193886 0.202475 2.86786 1.19937 0.933012 0.956521 0.0108514 0.00773067 0.00745432 0.011341 0.0254549 0.0158731 0.016724 0.0239058 0.0263195 0.0175063 0.018622 0.0245027 0.0535329 0.0343693 0.0379069 0.0513842 0.0124622 0.00640396 0.00585547 0.00689849 0.0279664 0.0175986 0.0170037 0.0159725 0.0311473 0.0182494 0.0167887 0.0173115 0.0653891 0.042272 0.0375102 0.0378303 
450 25 0.00512995 19399 0.107254 0.0374934 0.0477436 0.0840279 0.432825 0.162941 0.197541 0.474824 0.433528 0.193215 0.226403 0.406972 1.8717 0.824234 0.961926 1.88451 0.126569 0.0347449 0.0309035 0.033709 0.544258 0.178106 0.165783 0.177033 0.608291 0.241235 0.215459 0.219389 2.79358 1.11476 0.973725 1.02964 0.0123738 0.00729704 0.00846472 0.0112004 0.0251712 0.0154691 0.0167835 0.0264783 0.0251925 0.0169261 0.0181669 0.0247228 0.0532211 0.0350273 0.038034 0.0534145 0.0134906 0.00694128 0.00649612 0.0070244 0.0277595 0.0160895 0.0156391 0.0160515 0.0294893 0.0185941 0.0175834 0.017689 0.0642312 0.0406797 0.0379884 0.0393765 
450 50 0.00512995 19399 0.0954519 0.0344512 0.0438487 0.0960432 0.471411 0.209289 0.193835 0.400436 0.46607 0.16689 0.216291 0.412611 1.9293 0.838029 0.964062 1.82462 0.11183 0.0396065 0.0355542 0.0287419 0.59365 0.206224 0.187174 0.189344 0.558981 0.248792 0.182792 0.202669 2.78959 1.1459 0.989144 0.940482 0.0117018 0.00685623 0.00780185 0.0116466 0.0260686 0.0172352 0.0168917 0.0238483 0.0259202 0.0151824 0.0178116 0.0244645 0.0531941 0.0351787 0.0379582 0.0521985 0.012464 0.00748931 0.00702557 0.00636621 0.0293644 0.0170636 0.0164883 0.0165866 0.0282285 0.018848 0.0161081 0.0173371 0.0638586 0.0408821 0.0379558 0.037194 
450 75 0.00512995 19399 0.0888747 0.0517864 0.0463011 0.105725 0.4565 0.226239 0.203371 0.474348 0.508648 0.170354 0.224183 0.383835 1.85986 0.782798 0.916473 1.69366 0.107796 0.0315992 0.0276711 0.037764 0.56796 0.218826 0.183666 0.183313 0.60212 0.265867 0.214715 0.233054 2.74797 1.04452 0.956427 0.942179 0.011154 0.00857975 0.00799292 0.0124345 0.0257762 0.0181953 0.0170284 0.0259675 0.0272293 0.0158286 0.0181715 0.0235574 0.0523927 0.0340593 0.0368663 0.0504615 0.0123511 0.00643244 0.00611271 0.0071034 0.0282476 0.0174378 0.0158955 0.0163091 0.0291422 0.0195291 0.0174069 0.0184631 0.0633227 0.0391203 0.0371422 0.0373532 
450 100 0.00512995 19399 0.0965824 0.0457501 0.060015 0.0942748 0.48524 0.180913 0.227872 0.404474 0.482743 0.164007 0.237985 0.487421 1.76012 0.735688 0.858703 1.46466 0.119827 0.0502867 0.0434453 0.0479752 0.570954 0.214604 0.190797 0.232431 0.655586 0.269746 0.203788 0.26377 2.62629 1.07985 0.902189 0.870076 0.01169 0.00812251 0.00908778 0.0113455 0.0264142 0.0158083 0.0182178 0.0242959 0.0264147 0.0152332 0.0186533 0.0266145 0.0512406 0.0329326 0.035575 0.0465932 0.01302 0.00841413 0.00770815 0.00807222 0.0285053 0.0174876 0.0163325 0.0186801 0.0306031 0.0196623 0.0170503 0.019419 0.0620917 0.0398438 0.0362258 0.0354357 
450 125 0.00512995 19399 0.109345 0.033831 0.047071 0.119194 0.463584 0.20533 0.24168 0.444726 0.477124 0.191321 0.246738 0.439196 1.55168 0.681428 0.742185 1.50571 0.106454 0.0498087 0.0417502 0.0320267 0.587637 0.241711 0.183594 0.211329 0.657658 0.286286 0.23299 0.277328 2.39942 0.984326 0.842387 0.867016 0.0122486 0.00692322 0.00803032 0.0129227 0.0257851 0.0171705 0.0183197 0.025138 0.0261248 0.0165478 0.0189794 0.0251292 0.0477454 0.0317489 0.0328556 0.0473044 0.0121578 0.00855605 0.00775325 0.00679405 0.0286686 0.0187156 0.0159715 0.0174844 0.0306461 0.0199662 0.0180679 0.0201937 0.059313 0.037909 0.0351592 0.0357326 
450 150 0.00512995 19399 0.0970112 0.0326977 0.0441868 0.0994348 0.452954 0.218161 0.239976 0.492623 0.541459 0.183547 0.221902 0.431311 1.39557 0.582435 0.70542 1.24981 0.110526 0.0467146 0.0397195 0.0408943 0.642626 0.21552 0.2175 0.217667 0.702709 0.326171 0.253197 0.249617 2.33832 0.941885 0.785775 0.777142 0.0116802 0.00664354 0.00760764 0.0117356 0.0254034 0.0179089 0.0183871 0.0266042 0.0279293 0.0162736 0.0179654 0.0247582 0.045423 0.0292897 0.0324656 0.0429426 0.0123595 0.00814227 0.00755987 0.00748284 0.0302618 0.0173881 0.017599 0.0170422 0.0317139 0.0214889 0.0190916 0.0188252 0.0583976 0.036936 0.0337219 0.0339891 
450 175 0.00512995 19399 0.107893 0.0355633 0.0568988 0.103247 0.443934 0.221081 0.229882 0.453128 0.471303 0.193748 0.220579 0.446649 1.19606 0.492231 0.616219 1.12334 0.13341 0.0331078 0.0417089 0.0419592 0.676396 0.260367 0.196631 0.213627 0.750574 0.293267 0.225033 0.27755 1.94745 0.78244 0.67688 0.689126 0.0122959 0.00688779 0.00914795 0.0122816 0.0254818 0.0176577 0.0182572 0.0255676 0.0260244 0.016816 0.0179195 0.0256368 0.0425671 0.0273143 0.0304625 0.0410915 0.0137622 0.00670329 0.00757429 0.00751703 0.0312495 0.0195474 0.0168204 0.0174736 0.0329467 0.0206365 0.0180133 0.0199382 0.053795 0.0342416 0.031538 0.0320278 
450 200 0.00512995 19399 0.0927365 0.0404596 0.0521845 0.093557 0.498151 0.208992 0.250532 0.474518 0.449822 0.228206 0.219683 0.431891 0.882865 0.39807 0.467684 0.784914 0.139061 0.0560637 0.0341577 0.0492031 0.741092 0.278608 0.241327 0.259123 0.73585 0.328293 0.233597 0.272611 1.57193 0.672977 0.576811 0.589719 0.0113048 0.00742482 0.00837389 0.0113152 0.027013 0.0171802 0.0190188 0.0262672 0.0254236 0.0183059 0.0177092 0.0250002 0.0362954 0.024468 0.0263368 0.0342477 0.0138666 0.00888379 0.00692305 0.0084221 0.0324978 0.0197807 0.018515 0.0195714 0.032316 0.0216337 0.018219 0.0195692 0.0480821 0.0312391 0.028945 0.02949 
450 225 0.00512995 19399 0.0975301 0.0428458 0.0658 0.131835 0.419579 0.212598 0.225204 0.45027 0.411858 0.197456 0.258488 0.4184 0.598163 0.305735 0.307879 0.572371 0.157765 0.0628969 0.0499033 0.0506866 0.753729 0.346498 0.259754 0.315359 0.755093 0.346779 0.294545 0.229895 1.1975 0.536288 0.452254 0.404445 0.0117058 0.0080369 0.00975291 0.013708 0.0244816 0.01772 0.0181584 0.0257625 0.0246034 0.0168448 0.0195932 0.0249206 0.0300512 0.0211995 0.0215206 0.0296811 0.0148124 0.00934163 0.00830418 0.00850733 0.0329918 0.0225332 0.0192379 0.0215945 0.0329744 0.0223097 0.02092 0.0181184 0.0420058 0.0284653 0.0262436 0.0246409 
450 250 0.00512995 19399 0.119632 0.0508102 0.0659215 0.105982 0.470179 0.17685 0.20836 0.452701 0.393348 0.183365 0.182998 0.324565 0.313955 0.15578 0.134663 0.268815 0.167951 0.0844295 0.0592642 0.0526285 0.776922 0.363441 0.287163 0.291386 0.748609 0.320194 0.238839 0.256397 0.69975 0.3685 0.236035 0.249757 0.0133034 0.00843664 0.00975335 0.0124018 0.0261602 0.0159908 0.0172909 0.025928 0.0242509 0.0165621 0.0166201 0.0219455 0.0220258 0.0155767 0.0144014 0.0205192 0.0156225 0.0108884 0.00927603 0.00860548 0.0334557 0.022889 0.0204629 0.0205541 0.0332873 0.0218719 0.0186293 0.019528 0.0324998 0.0235992 0.0188291 0.019484 
450 275 0.00512995 19399 0.120194 0.0503011 0.0497011 0.0903814 0.327342 0.147649 0.199268 0.363985 0.209051 0.113374 0.109822 0.206015 0.0735611 0.0332093 0.0527174 0.0786921 0.184307 0.0685045 0.0692444 0.0585346 0.787359 0.403176 0.22728 0.246252 0.512654 0.246902 0.187259 0.173379 0.311493 0.141277 0.0933452 0.0941534 0.013438 0.00845628 0.00805914 0.0113042 0.0218091 0.0144958 0.0170534 0.0231473 0.0177453 0.0129877 0.0127816 0.0175708 0.0101819 0.00706915 0.00894555 0.0110492 0.0161936 0.00970351 0.00978288 0.00915539 0.0335815 0.0243723 0.0178502 0.0190105 0.0272899 0.0191402 0.0165677 0.0159894 0.0213959 0.0140916 0.0118467 0.0118402 
450 300 0.00512995 19399 0.0838055 0.0452093 0.0336938 0.0485898 0.214939 0.0929023 0.0825067 0.22355 0.0494297 0.0234023 0.0232062 0.0268131 0.00839732 0.0082003 0.00736152 0.010325 0.194297 0.0705762 0.0728601 0.0754615 0.539615 0.250667 0.209721 0.197821 0.210249 0.0900408 0.0527952 0.0493751 0.0551545 0.0293618 0.0207392 0.0200313 0.010915 0.00791775 0.00658852 0.00819477 0.0175431 0.0114631 0.0110072 0.0183441 0.00847721 0.00576411 0.00588763 0.00597946 0.00333005 0.00337831 0.00301608 0.00365315 0.0164798 0.00986983 0.0103933 0.0103489 0.027952 0.0190417 0.0174303 0.0173016 0.0172759 0.0116472 0.00849171 0.00862701 0.00852723 0.00637959 0.00531818 0.00545233 
450 320 0.00512995 19399 0.0383214 0.0117807 0.00686628 0.0127225 0.0347788 0.00772345 0.0214431 0.0226859 0.0081474 0.00539171 0.00458348 0.00557949 0.0012049 0.00161294 0.00116721 0 0.0700318 0.0476981 0.0225037 0.0207329 0.150742 0.0726691 0.0477693 0.0398799 0.0516119 0.0159165 0.0205394 0.0100526 0.0111815 0 0.00234931 0.00233173 0.00741222 0.00416569 0.00309614 0.00424727 0.00661729 0.00305513 0.00543626 0.00563833 0.00341863 0.00273142 0.00260626 0.00283508 0.0012049 0.00161294 0.00116721 0 0.00987338 0.00808215 0.00539268 0.00563053 0.0141892 0.00988993 0.00780673 0.00723059 0.00826707 0.00446649 0.00518149 0.00356271 0.00377928 0 0.00166219 0.00164938 
475 0 0.00387107 19399 0.0612633 0.0355446 0.033062 0.069528 0.334009 0.158826 0.155449 0.334527 0.336194 0.12478 0.142331 0.357484 1.73016 0.683 0.785629 1.47297 0.0783904 0.0338441 0.026281 0.0242728 0.391633 0.126154 0.114742 0.154497 0.501891 0.150774 0.143933 0.134122 2.34871 0.898403 0.835416 0.813423 0.00808628 0.00619361 0.00582082 0.00882212 0.0192234 0.0132927 0.0132317 0.0190852 0.0191358 0.0115481 0.012394 0.0199894 0.0439475 0.0276025 0.0297461 0.0407778 0.00897994 0.00609945 0.00517255 0.00520355 0.0205525 0.0116485 0.0110949 0.0129356 0.0234234 0.0126689 0.0125959 0.0122256 0.0510487 0.031591 0.0304906 0.0302348 
475 25 0.00387107 19399 0.0710463 0.0373183 0.0385898 0.0712437 0.338555 0.144395 0.156936 0.324356 0.347787 0.15761 0.164081 0.323789 1.72019 0.677931 0.803326 1.60538 0.0717941 0.0302664 0.0196332 0.0207107 0.403128 0.150537 0.121387 0.113692 0.420228 0.17977 0.147105 0.141786 2.32449 0.91029 0.78867 0.816195 0.00851321 0.00623771 0.00633236 0.00859718 0.0191717 0.0127392 0.0131074 0.0187367 0.0194623 0.0131442 0.0133766 0.0186907 0.0437552 0.0275767 0.0298353 0.0425582 0.00872393 0.0058715 0.004676 0.00457235 0.0206963 0.0128093 0.0113935 0.0112082 0.0211608 0.0140067 0.0125595 0.0124252 0.0506652 0.0317433 0.0293536 0.0300232 
475 50 0.00387107 19399 0.0743054 0.0262388 0.04319 0.0700227 0.304342 0.134612 0.137299 0.306405 0.342072 0.156416 0.180127 0.327145 1.61462 0.711683 0.816787 1.4336 0.0891022 0.0269749 0.0220997 0.0195156 0.388342 0.13042 0.118389 0.118732 0.43872 0.166016 0.152856 0.14534 2.31895 0.967169 0.810381 0.795601 0.008862 0.00541586 0.00679615 0.00866105 0.0183267 0.0121513 0.0122016 0.018289 0.0194721 0.0131309 0.0141398 0.0189195 0.0425011 0.028527 0.0302123 0.0401687 0.00986693 0.0052578 0.0047316 0.00453517 0.0204898 0.0119875 0.0114768 0.0112855 0.0216336 0.0132395 0.0129678 0.0125836 0.0506607 0.032766 0.0301477 0.0297287 
475 75 0.00387107 19399 0.0700692 0.0273413 0.0453364 0.0689969 0.374626 0.130656 0.164504 0.331272 0.331264 0.130541 0.144933 0.330915 1.52642 0.644888 0.756499 1.47457 0.0711844 0.0327314 0.0207873 0.0254277 0.359044 0.136282 0.122411 0.129982 0.45632 0.20193 0.171132 0.153724 2.30879 0.881256 0.77519 0.809513 0.00859154 0.00553498 0.00702371 0.00855593 0.0203083 0.0121 0.0136045 0.0191119 0.0190811 0.0119563 0.0125629 0.0192454 0.0414548 0.0271681 0.0290993 0.0408661 0.00873418 0.00610091 0.00454974 0.00510329 0.0196283 0.0120783 0.0114594 0.0118332 0.0222845 0.0149343 0.0136596 0.0129122 0.0505257 0.0313805 0.0292094 0.0300221 
475 100 0.00387107 19399 0.0591549 0.0275067 0.0437211 0.0784463 0.317975 0.149289 0.146668 0.325346 0.359356 0.142353 0.155535 0.338876 1.5635 0.659472 0.729431 1.43544 0.066191 0.0343561 0.022492 0.0430895 0.411504 0.149134 0.146449 0.142707 0.49483 0.170161 0.151833 0.178863 2.29777 0.856112 0.747145 0.749699 0.00775923 0.00563196 0.00676224 0.00922188 0.0186509 0.0129714 0.0127906 0.0189137 0.0198227 0.012433 0.0132381 0.0191772 0.042269 0.0272091 0.0286075 0.0401587 0.00833227 0.00608585 0.00478328 0.00696961 0.0210711 0.0126089 0.0124708 0.0124767 0.0232768 0.013692 0.0128825 0.0141161 0.050542 0.0308768 0.0286879 0.0292799 
475 125 0.00387107 19399 0.0916745 0.0317332 0.0325729 0.0795238 0.350217 0.142511 0.175723 0.32359 0.376852 0.153242 0.183718 0.341586 1.44741 0.613219 0.723831 1.32613 0.0654897 0.0279244 0.0276709 0.0355804 0.42232 0.149586 0.133493 0.147784 0.503096 0.152742 0.171172 0.177538 2.08464 0.805688 0.728656 0.749838 0.00995961 0.00575413 0.0060378 0.00927641 0.0196061 0.0127205 0.0139009 0.0190425 0.0204102 0.0130936 0.014401 0.0196805 0.0407522 0.0264707 0.0287828 0.0389784 0.00840278 0.00538883 0.00525369 0.00618501 0.0215686 0.0127691 0.0122201 0.0127279 0.0236201 0.012954 0.0136867 0.014122 0.0485986 0.0304034 0.0288873 0.0293266 
475 150 0.00387107 19399 0.0798961 0.0328197 0.0396583 0.0693294 0.372277 0.109519 0.16425 0.328087 0.36589 0.159658 0.184287 0.300494 1.31283 0.56561 0.612982 1.26111 0.0838012 0.0299712 0.0253794 0.0183258 0.423491 0.166621 0.131101 0.139083 0.497914 0.21202 0.176546 0.167033 2.02971 0.774056 0.711485 0.69439 0.00918835 0.00585727 0.00646059 0.00873775 0.0203061 0.0109228 0.0133914 0.0190409 0.0201986 0.0132269 0.0141379 0.0181463 0.0384621 0.0251623 0.0263048 0.0376676 0.00937483 0.00571184 0.00511008 0.00439422 0.0214088 0.0134718 0.0119065 0.012187 0.0232619 0.0153084 0.0140715 0.0133924 0.0474768 0.029366 0.0281045 0.0279096 
475 175 0.00387107 19399 0.0866529 0.0359073 0.0350079 0.069441 0.364395 0.14339 0.171497 0.309057 0.33356 0.157107 0.162304 0.337029 1.11602 0.482232 0.553055 1.08329 0.0809481 0.0436341 0.031888 0.0288035 0.442586 0.199646 0.149524 0.151498 0.560747 0.209777 0.178349 0.155542 1.76512 0.714319 0.639446 0.641438 0.00951369 0.00617241 0.00605158 0.00848329 0.0199483 0.0124928 0.0135492 0.0183334 0.019069 0.0130491 0.0133075 0.019154 0.0351984 0.023423 0.0249454 0.0348622 0.00903699 0.00678011 0.00563105 0.00554153 0.0217315 0.0147756 0.012668 0.0127727 0.024595 0.0149373 0.0137671 0.0129245 0.0440159 0.0282612 0.0266122 0.0269416 
475 200 0.00387107 19399 0.065755 0.0293337 0.028666 0.0800644 0.37205 0.150114 0.171232 0.362646 0.363679 0.178461 0.180541 0.33613 0.980338 0.408878 0.448341 0.876924 0.100053 0.0257159 0.0388494 0.0388516 0.437232 0.216866 0.150066 0.140455 0.583094 0.218098 0.206509 0.204624 1.58235 0.643271 0.607943 0.514253 0.00855498 0.00552446 0.00547387 0.00924785 0.0204185 0.0129971 0.0138237 0.0202738 0.0202489 0.0141579 0.0142929 0.0192848 0.0336723 0.0216087 0.0225172 0.0316713 0.0104019 0.00532264 0.00644016 0.00650132 0.0217338 0.0153023 0.0128583 0.0124871 0.0253634 0.0154528 0.0151002 0.0150614 0.0422395 0.026911 0.026305 0.0245213 
475 225 0.00387107 19399 0.0671963 0.0359537 0.0454182 0.0757096 0.343506 0.173473 0.16603 0.355238 0.346248 0.177841 0.159184 0.34003 0.754808 0.361688 0.386337 0.684171 0.0946374 0.0318431 0.0268197 0.038397 0.504101 0.221597 0.207487 0.199826 0.539196 0.239065 0.179206 0.190464 1.23376 0.565938 0.47577 0.426958 0.00837381 0.00615816 0.00708186 0.00873188 0.0193594 0.0138927 0.0133933 0.0198208 0.0195139 0.0139348 0.0130505 0.0191315 0.0292668 0.0202984 0.0208551 0.0279786 0.010213 0.00570506 0.00510546 0.00646187 0.0234643 0.0154835 0.0151818 0.0146917 0.0240904 0.0160809 0.0139649 0.0144461 0.0370713 0.0252372 0.0230985 0.0220199 
475 250 0.00387107 19399 0.0867033 0.0408792 0.0490692 0.0870715 0.37371 0.15154 0.170568 0.355666 0.340297 0.151061 0.161194 0.303948 0.492244 0.242072 0.259862 0.475137 0.0951919 0.0328699 0.0296843 0.0363691 0.586363 0.229539 0.209552 0.190812 0.588854 0.241565 0.188341 0.19216 1.00073 0.463534 0.34309 0.351399 0.00975786 0.00685792 0.00738169 0.00987358 0.0203795 0.0128773 0.0136483 0.0198682 0.0193624 0.0128535 0.0133885 0.0183277 0.0237265 0.0166122 0.0173139 0.023285 0.00982645 0.00595093 0.00570965 0.00618378 0.025272 0.015687 0.0151015 0.0144313 0.0253709 0.0162555 0.0142401 0.0145299 0.033536 0.0227835 0.0196606 0.0198071 
475 275 0.00387107 19399 0.0666892 0.0399286 0.0496633 0.0728062 0.322518 0.15315 0.194401 0.338909 0.284404 0.133605 0.12547 0.268424 0.253753 0.128155 0.1252 0.23569 0.114356 0.0532058 0.0398364 0.0260363 0.633583 0.281436 0.228733 0.228894 0.576827 0.255681 0.193707 0.193825 0.59104 0.285888 0.229156 0.172175 0.00848238 0.00655274 0.00738665 0.00883066 0.0189712 0.0129358 0.0147375 0.019363 0.0179708 0.0123118 0.0119177 0.0173622 0.017071 0.0120195 0.0118649 0.0163477 0.0110573 0.00737921 0.00645776 0.00508318 0.0261974 0.0175901 0.0158075 0.016056 0.0252956 0.0168523 0.0146604 0.0144812 0.0257861 0.0181026 0.0161204 0.0142021 
475 300 0.00387107 19399 0.0649007 0.0323996 0.0390858 0.0764101 0.285078 0.148268 0.151039 0.274987 0.143516 0.0786291 0.0904674 0.147316 0.0936501 0.0381221 0.0426315 0.0603836 0.139499 0.0570917 0.0519161 0.05158 0.65826 0.318694 0.223322 0.202326 0.429487 0.231701 0.152738 0.156771 0.239356 0.120565 0.0675772 0.0699597 0.00815734 0.00586722 0.00670006 0.00921034 0.0176091 0.0128672 0.0128655 0.0173195 0.012702 0.00959451 0.0101739 0.0129162 0.0104176 0.0065969 0.00707561 0.00838073 0.0119707 0.00777675 0.00743138 0.00736853 0.0269232 0.0186435 0.0154804 0.0148768 0.0218991 0.0161851 0.0131296 0.0135092 0.0162237 0.011667 0.00861909 0.00884876 
475 325 0.00387107 19399 0.0592986 0.0287713 0.0344384 0.0541839 0.140835 0.0712076 0.081402 0.118026 0.0372829 0.0207096 0.0281428 0.0239714 0.0106496 0.00380723 0.00657017 0.00637748 0.132473 0.0523465 0.0544059 0.0448169 0.438801 0.198444 0.164672 0.15479 0.168876 0.0625774 0.0628232 0.0398665 0.0627784 0.0181929 0.0165892 0.0131552 0.00806094 0.00549588 0.00610143 0.00769394 0.0124086 0.00902788 0.00962128 0.0114262 0.00655691 0.00494183 0.00549016 0.00517271 0.00357026 0.00202899 0.00253612 0.0026814 0.011796 0.00735031 0.00766132 0.00690905 0.0219939 0.0148804 0.0136209 0.0133892 0.0135446 0.00843653 0.00832611 0.0067951 0.00795647 0.00439089 0.00416794 0.00386535 
475 345 0.00387107 19399 0.0115748 0.00998376 0.00585454 0.0161308 0.0275637 0.0119677 0.015865 0.0184785 0.00818949 0.0056541 0.00485731 0.00172947 0.00146403 0.00311439 0.00152935 0.000925642 0.0521417 0.0244045 0.0205605 0.0176825 0.141174 0.0901027 0.0441335 0.0367303 0.046853 0.0204553 0.0144231 0.0102519 0.0128012 0.00451002 0.00351747 0.00174208 0.00346899 0.00326954 0.00250355 0.00437061 0.00545585 0.00356869 0.00413218 0.00418019 0.00273619 0.00230131 0.00217967 0.00133396 0.00106877 0.00182992 0.00109311 0.000925642 0.00738064 0.00521746 0.0045823 0.00421282 0.0120223 0.00968478 0.00679534 0.00616715 0.0067977 0.00425984 0.00376526 0.00310275 0.00341219 0.00198823 0.00171733 0.0012311 
500 0 0.00295838 19399 0.0581295 0.0233133 0.0230582 0.0522983 0.247332 0.0961452 0.104582 0.20663 0.252444 0.106773 0.132405 0.221912 1.44674 0.561574 0.669388 1.27782 0.038856 0.0168266 0.0175863 0.0178105 0.270376 0.0919224 0.0910511 0.0826215 0.327208 0.118736 0.0948814 0.119871 1.97801 0.717413 0.677375 0.688397 0.00683509 0.00436418 0.00449476 0.00658251 0.0143441 0.0089026 0.00946664 0.0131433 0.0145804 0.00943786 0.0106466 0.0137785 0.0355804 0.0221405 0.0239466 0.0332177 0.00551593 0.00365528 0.00377472 0.00385237 0.0149525 0.00868999 0.00875212 0.00826783 0.0165986 0.00991563 0.00888957 0.0100691 0.0411523 0.0247535 0.0239808 0.0242897 
500 25 0.00295838 19399 0.0573857 0.0240428 0.0222175 0.048468 0.22789 0.0975896 0.126667 0.205972 0.279347 0.0985602 0.123814 0.254465 1.39504 0.575765 0.69606 1.25426 0.0567109 0.01183 0.0134774 0.0204906 0.26921 0.110545 0.0803381 0.104844 0.315554 0.112146 0.109057 0.104282 1.98216 0.750007 0.710498 0.672986 0.00685377 0.00437007 0.00419181 0.00630489 0.0138205 0.00907084 0.0103788 0.0130902 0.0153443 0.00914228 0.0102806 0.0147543 0.0348977 0.0224221 0.0246884 0.0332432 0.00695667 0.00299732 0.0031936 0.00412443 0.0149268 0.0097205 0.00821031 0.00939936 0.0161831 0.00987458 0.00944737 0.00926424 0.0413643 0.0254961 0.0248837 0.0242136 
500 50 0.00295838 19399 0.0629234 0.0150297 0.0267658 0.0481397 0.26009 0.101877 0.123057 0.233472 0.281178 0.099312 0.124454 0.209413 1.38309 0.573505 0.674941 1.23088 0.0564696 0.021237 0.0168918 0.0198903 0.280157 0.097245 0.111014 0.0907206 0.316876 0.125124 0.106656 0.101398 1.8462 0.69894 0.659806 0.66946 0.00719236 0.00354329 0.00470899 0.0062529 0.0147089 0.00922723 0.0102285 0.0140369 0.0153158 0.00923571 0.0101276 0.0132758 0.0345752 0.0222241 0.0242401 0.0326854 0.00689369 0.00413739 0.0037816 0.00391994 0.0151888 0.00905497 0.0096321 0.00869876 0.0163519 0.0102391 0.00942629 0.00915527 0.0396785 0.02437 0.0236398 0.0239555 
500 75 0.00295838 19399 0.0579322 0.0214993 0.0306235 0.0490015 0.238737 0.120446 0.119793 0.215512 0.265316 0.113347 0.124783 0.245119 1.28419 0.538185 0.643542 1.22142 0.0504287 0.0180575 0.0163068 0.0173494 0.244228 0.0958525 0.102576 0.100972 0.337847 0.149298 0.108162 0.115656 1.82544 0.716695 0.637204 0.632478 0.00697512 0.00415927 0.00494938 0.00617303 0.0142704 0.0103262 0.0100098 0.0133997 0.0150745 0.00979262 0.0103724 0.0144754 0.0334312 0.0216262 0.023579 0.0326757 0.00633434 0.00374977 0.00367752 0.00373854 0.0141466 0.00903233 0.00930426 0.00920382 0.0167915 0.0113559 0.00959479 0.00996841 0.0396406 0.024805 0.0234467 0.0234458 
500 100 0.00295838 19399 0.0535571 0.0265164 0.0247986 0.056588 0.255367 0.105702 0.122846 0.202203 0.266517 0.112045 0.132991 0.225514 1.28908 0.540247 0.650669 1.19027 0.0510413 0.0161216 0.0156035 0.0174069 0.248663 0.107206 0.10847 0.0933432 0.312104 0.138152 0.10823 0.122837 1.87274 0.724493 0.572832 0.627645 0.00667152 0.00459616 0.00438402 0.00684289 0.0146276 0.00946517 0.0101247 0.0129404 0.0150003 0.00976544 0.0105167 0.0136673 0.0331553 0.0216485 0.0237341 0.0321977 0.00641633 0.00358307 0.00357392 0.00383254 0.014216 0.00935405 0.00945659 0.00869341 0.0160921 0.0106139 0.00950535 0.0101103 0.0402511 0.0247954 0.0220948 0.0231711 
500 125 0.00295838 19399 0.0552689 0.0240949 0.0324856 0.0613174 0.239051 0.114201 0.136557 0.235373 0.254074 0.118139 0.122432 0.248987 1.19301 0.519763 0.566739 1.07088 0.056333 0.0158018 0.0239584 0.0158345 0.308467 0.110903 0.095997 0.105326 0.359344 0.139494 0.0982867 0.12824 1.80116 0.720331 0.595152 0.635478 0.00671954 0.00441153 0.0051397 0.00698744 0.0142365 0.00970496 0.0106967 0.014022 0.0147348 0.00997725 0.0101795 0.014545 0.0322468 0.0211227 0.0221875 0.0305191 0.00672016 0.00361233 0.00447149 0.00354486 0.0158382 0.00962197 0.00890823 0.00934198 0.0173317 0.010663 0.0089665 0.0104035 0.0390699 0.0248976 0.0225004 0.0232822 
500 150 0.00295838 19399 0.0604882 0.0182864 0.0287829 0.055864 0.257888 0.119147 0.127992 0.247251 0.25701 0.111415 0.127589 0.242001 1.07488 0.489041 0.549598 1.00727 0.0582945 0.0203285 0.0205754 0.0159036 0.323447 0.107673 0.102955 0.100019 0.380865 0.127168 0.115158 0.154172 1.68117 0.677729 0.609506 0.581798 0.00707849 0.00386784 0.00483439 0.00668732 0.0146613 0.0099545 0.0104 0.0144268 0.0147068 0.00963854 0.0103396 0.0142434 0.0304609 0.0206225 0.0218421 0.0294531 0.00693554 0.00404431 0.0040493 0.00360012 0.0165274 0.00940773 0.00919189 0.00909955 0.0179049 0.0102251 0.00991057 0.0115063 0.0380178 0.0240995 0.0228057 0.0224654 
500 175 0.00295838 19399 0.0607103 0.0201037 0.0223277 0.056216 0.274123 0.131071 0.130504 0.278137 0.243608 0.109279 0.130458 0.251612 1.00827 0.425788 0.574699 0.972679 0.0522953 0.0225952 0.0252211 0.0217915 0.338628 0.119476 0.10371 0.111144 0.388104 0.136485 0.111952 0.133026 1.59842 0.677183 0.570566 0.525863 0.00700902 0.00400635 0.00435716 0.00684441 0.0151327 0.0105039 0.0104969 0.0153958 0.0142985 0.00959365 0.0104658 0.0144449 0.0292837 0.0191495 0.0224555 0.0290081 0.00644668 0.00422866 0.00441675 0.00402521 0.0167523 0.00989493 0.00927385 0.00961289 0.0180056 0.0106317 0.00958671 0.0106683 0.0369219 0.0242193 0.0221225 0.0211667 
500 200 0.00295838 19399 0.0568812 0.0297659 0.0275262 0.0477647 0.270967 0.112655 0.130539 0.256869 0.257782 0.106944 0.141697 0.285409 0.877951 0.376987 0.456345 0.870056 0.0654208 0.0220993 0.019727 0.0155578 0.358271 0.138505 0.124749 0.126692 0.390532 0.167952 0.125042 0.118832 1.43703 0.561645 0.525598 0.509751 0.00691504 0.00496735 0.00469633 0.00630569 0.0150362 0.00957457 0.0103424 0.0145778 0.0147076 0.00941196 0.0108934 0.0155503 0.0275292 0.0181261 0.019846 0.02743 0.00727462 0.00426751 0.00389774 0.0034671 0.0172808 0.0106158 0.0101233 0.0102904 0.0179628 0.0118809 0.010217 0.010143 0.0349454 0.0218408 0.0210986 0.0208755 
500 225 0.00295838 19399 0.0673784 0.0210233 0.0222621 0.0701449 0.273525 0.12278 0.124624 0.283805 0.271447 0.137851 0.138307 0.261991 0.735237 0.311711 0.383089 0.713167 0.0660828 0.028039 0.0225116 0.0233332 0.376505 0.142419 0.145368 0.12722 0.389858 0.162837 0.154791 0.120546 1.24105 0.547156 0.475913 0.419695 0.00738567 0.00405455 0.00419739 0.00765212 0.01517 0.0101123 0.0102524 0.0154298 0.0151822 0.0107102 0.0107024 0.0149162 0.0251973 0.0163282 0.0181483 0.0251045 0.00729587 0.00485326 0.00423296 0.00438903 0.0176313 0.0108587 0.0110235 0.0103372 0.0181162 0.0116331 0.0115403 0.0100775 0.0326844 0.0215154 0.0202713 0.0189118 
500 250 0.00295838 19399 0.0725 0.0271542 0.0358095 0.0490479 0.293837 0.118212 0.132216 0.262058 0.265562 0.119154 0.124791 0.281644 0.614218 0.309368 0.282261 0.569204 0.0652788 0.0293391 0.0259468 0.0291155 0.425371 0.160781 0.156092 0.142821 0.425195 0.178501 0.150021 0.147174 1.01972 0.456893 0.361261 0.351369 0.00772781 0.00470386 0.00539813 0.00638209 0.0156907 0.00986077 0.0106278 0.0149232 0.0150012 0.00989867 0.010352 0.0154462 0.0230741 0.0165093 0.0157699 0.0221817 0.0072344 0.00486602 0.0045573 0.00479505 0.0188916 0.0115314 0.0114847 0.0110219 0.0190207 0.0121076 0.0111427 0.0112086 0.0296018 0.0198067 0.0177105 0.0174436 
500 275 0.00295838 19399 0.0660306 0.0343887 0.024634 0.0569776 0.259155 0.12253 0.133771 0.246132 0.252461 0.124535 0.125652 0.208252 0.362128 0.20231 0.206462 0.330291 0.0667754 0.0339763 0.0287262 0.0327729 0.417869 0.188503 0.133719 0.152744 0.44097 0.213337 0.162744 0.163081 0.807043 0.357772 0.286902 0.261949 0.00760358 0.00543816 0.00466214 0.00717214 0.0152052 0.0105176 0.0108616 0.0148512 0.0151666 0.0105506 0.0105296 0.0136243 0.0182049 0.0136616 0.013816 0.0174732 0.00745284 0.0054538 0.00500467 0.00535098 0.0191083 0.0128317 0.010871 0.0116006 0.019887 0.0139457 0.0120531 0.0122792 0.0271907 0.017887 0.0160918 0.01541 
500 300 0.00295838 19399 0.0609087 0.0273495 0.0349943 0.0642335 0.245593 0.115466 0.117489 0.247082 0.185673 0.0871317 0.107754 0.200095 0.19708 0.098431 0.115999 0.18861 0.0772081 0.0456156 0.0322472 0.0372199 0.473055 0.210234 0.166786 0.15298 0.443631 0.198609 0.142744 0.149688 0.506697 0.239158 0.17653 0.138983 0.0070339 0.0047654 0.00537742 0.00735289 0.0142875 0.00969799 0.00985743 0.0145913 0.0126224 0.00876366 0.00969877 0.0131924 0.013218 0.00930659 0.0101775 0.0129762 0.0077985 0.0060569 0.00510782 0.00562394 0.0200482 0.0133045 0.0118174 0.0112835 0.0193061 0.0130683 0.0110629 0.0113791 0.0209286 0.014426 0.0122913 0.0110764 
500 325 0.00295838 19399 0.0523174 0.0338261 0.0384322 0.0448215 0.224729 0.103199 0.107049 0.209052 0.113557 0.0554274 0.0774657 0.115381 0.0660167 0.0349191 0.0337038 0.0626184 0.097614 0.0472698 0.0271209 0.0313725 0.455295 0.203351 0.171109 0.161996 0.320004 0.141549 0.142185 0.112561 0.245409 0.108126 0.0683191 0.0544177 0.00657529 0.00532167 0.00580611 0.00604441 0.0140135 0.00933 0.0095035 0.0134426 0.00976383 0.00689653 0.0081732 0.00998164 0.00748942 0.00554945 0.00543586 0.00755017 0.00893917 0.00625516 0.00470528 0.00498043 0.019439 0.0129821 0.0120601 0.011606 0.0164645 0.01088 0.0111095 0.00989073 0.0144841 0.0097019 0.00753351 0.00689979 
500 350 0.00295838 19399 0.0459063 0.0289739 0.0318603 0.044358 0.105179 0.0614241 0.0635913 0.109615 0.0329598 0.0178683 0.0239011 0.0160793 0.0109146 0.00374816 0.00299591 0.000730686 0.0888262 0.0394296 0.0409624 0.0376413 0.323357 0.148928 0.112894 0.117259 0.131124 0.0674488 0.0426631 0.038544 0.0455746 0.018643 0.0146823 0.0118923 0.0062976 0.0048552 0.00512848 0.00613068 0.00948598 0.00722337 0.00747708 0.0098227 0.00519798 0.00398596 0.00441772 0.00372176 0.00278213 0.00174759 0.00167986 0.000611812 0.00852628 0.00563959 0.00584509 0.00564334 0.016607 0.0112061 0.0098791 0.00999062 0.0105593 0.0075594 0.00600208 0.00582447 0.00608332 0.00400717 0.00346615 0.00306838 
500 370 0.00295838 19399 0.0117896 0.00845131 0.00288915 0.00915957 0.0189536 0.0116387 0.0130354 0.00788822 0.00633499 0.00214619 0.00173279 0.00431209 0.00260242 0.000669387 0.000669387 0.000332525 0.0438603 0.0272331 0.0218677 0.0140087 0.108858 0.0520774 0.0327447 0.0295194 0.0305241 0.0189668 0.00827485 0.00646222 0.0143658 0.00579418 0.00217475 0.0024892 0.00302095 0.00268554 0.00137217 0.00273335 0.00385835 0.00294073 0.00316191 0.0025459 0.00207429 0.00125218 0.00125889 0.00176636 0.00130475 0.000669387 0.000669387 0.000332525 0.0059465 0.00471031 0.00420701 0.00349111 0.00931254 0.00650381 0.00516321 0.00486885 0.00476955 0.00375374 0.00244027 0.00211092 0.00326768 0.00191033 0.00122054 0.00145777 
