130 0 0 0 0 0 0 0 0 0 0 0 0 0 0 0 0 0 0 0 0 0 0 0 0 0 0 0 0 0 0 0 0 0 
150 0 -0.00335251 -0.00335251 -0.00335251 -0.00335251 0 0 0 0 0 0 0 0 0 0 0 0 0.0213656 0.0213656 0.0213656 0.0213656 0.0741309 0.0741309 0.0741309 0.0741309 0 0 0 0 0 0 0 0 
150 20 0 0 0 0 0 0 0 0 0 0 0 0 0 0 0 0 0 0 0 0 0 0 0 0 0 0 0 0 0 0 0 0 
175 0 0.00310769 0.00310769 0.00310769 0.00310769 0.000708606 0.000708606 0.000708606 0.000708606 0 0 0 0 0 0 0 0 0.0151276 0.0151276 0.0151276 0.0151276 0.0231044 0.0231044 0.0231044 0.0231044 0 0 0 0 0 0 0 0 
175 25 0.00628278 0.00628278 0.00628278 0.00628278 0.0123332 0.0123332 0.0123332 0.0123332 0 0 0 0 0 0 0 0 0.0256344 0.0256344 0.0256344 0.0256344 0.0340977 0.0340977 0.0340977 0.0340977 0 0 0 0 0 0 0 0 
175 45 0 0 0 0 0 0 0 0 0 0 0 0 0 0 0 0 0.0877977 0.0877977 0.0877977 0.0877977 0.117902 0.117902 0.117902 0.117902 0 0 0 0 0 0 0 0 
200 0 -0.0037911 -0.0037911 -0.0037911 -0.0037911 -0.00360496 -0.00360496 -0.00360496 -0.00360496 0.00728081 0.00728081 0.00728081 0.00728081 0 0 0 0 0.00420488 0.00420488 0.00420488 0.00420488 0.00613515 0.00613515 0.00613515 0.00613515 0.011716 0.011716 0.011716 0.011716 0 0 0 0 
200 25 -0.00203097 -0.00203097 -0.00203097 -0.00203097 -0.00016217 -0.00016217 -0.00016217 -0.00016217 -0.000886743 -0.000886743 -0.000886743 -0.000886743 0 0 0 0 0.0041757 0.0041757 0.0041757 0.0041757 0.00852073 0.00852073 0.00852073 0.00852073 0.0326295 0.0326295 0.0326295 0.0326295 0 0 0 0 
200 50 -0.000243809 -0.000243809 -0.000243809 -0.000243809 0.0118168 0.0118168 0.0118168 0.0118168 0 0 0 0 0 0 0 0 0.0182716 0.0182716 0.0182716 0.0182716 0.0292501 0.0292501 0.0292501 0.0292501 0.0706049 0.0706049 0.0706049 0.0706049 0 0 0 0 
200 70 0.082475 0.082475 0.082475 0.082475 0 0 0 0 0 0 0 0 0 0 0 0 0.0962845 0.0962845 0.0962845 0.0962845 0.128353 0.128353 0.128353 0.128353 0 0 0 0 0 0 0 0 
225 0 -0.00503577 -0.00503577 -0.00503577 -0.00503577 -0.00507429 -0.00507429 -0.00507429 -0.00507429 -0.00251066 -0.00251066 -0.00251066 -0.00251066 -0.00268908 -0.00268908 -0.00268908 -0.00268908 0.00110018 0.00110018 0.00110018 0.00110018 0.000894135 0.000894135 0.000894135 0.000894135 0.0079097 0.0079097 0.0079097 0.0079097 0.0310467 0.0310467 0.0310467 0.0310467 
225 25 -0.00520625 -0.00520625 -0.00520625 -0.00520625 -0.00471049 -0.00471049 -0.00471049 -0.00471049 -0.000442508 -0.000442508 -0.000442508 -0.000442508 0.0256822 0.0256822 0.0256822 0.0256822 0.00272874 0.00272874 0.00272874 0.00272874 0.00295021 0.00295021 0.00295021 0.00295021 0.0109034 0.0109034 0.0109034 0.0109034 0.0329837 0.0329837 0.0329837 0.0329837 
225 50 -0.00350212 -0.00350212 -0.00350212 -0.00350212 -0.00374819 -0.00374819 -0.00374819 -0.00374819 0.00811982 0.00811982 0.00811982 0.00811982 0 0 0 0 -0.000921052 -0.000921052 -0.000921052 -0.000921052 0.0056295 0.0056295 0.0056295 0.0056295 0.0148971 0.0148971 0.0148971 0.0148971 0.0572234 0.0572234 0.0572234 0.0572234 
225 75 -0.00150729 -0.00150729 -0.00150729 -0.00150729 0.00728463 0.00728463 0.00728463 0.00728463 0.052926 0.052926 0.052926 0.052926 0 0 0 0 0.0082058 0.0082058 0.0082058 0.0082058 0.022026 0.022026 0.022026 0.022026 0.0878068 0.0878068 0.0878068 0.0878068 0 0 0 0 
225 95 0.0539744 0.0539744 0.0539744 0.0539744 0.141205 0.141205 0.141205 0.141205 0 0 0 0 0 0 0 0 0.102813 0.102813 0.102813 0.102813 0.142308 0.142308 0.142308 0.142308 0 0 0 0 0 0 0 0 
250 0 -0.00510992 -0.00510992 -0.00510992 -0.00510992 -0.0068697 -0.0068697 -0.0068697 -0.0068697 -0.00700901 -0.00700901 -0.00700901 -0.00700901 -0.00173637 -0.00173637 -0.00173637 -0.00173637 0.00182492 0.00182492 0.00182492 0.00182492 -0.00056237 -0.00056237 -0.00056237 -0.00056237 0.000189475 0.000189475 0.000189475 0.000189475 0.00903002 0.00903002 0.00903002 0.00903002 
250 25 -0.0041322 -0.0041322 -0.0041322 -0.0041322 -0.00449667 -0.00449667 -0.00449667 -0.00449667 -0.0070504 -0.0070504 -0.0070504 -0.0070504 0.0114872 0.0114872 0.0114872 0.0114872 -0.00198572 -0.00198572 -0.00198572 -0.00198572 -0.00164 -0.00164 -0.00164 -0.00164 0.00148027 0.00148027 0.00148027 0.00148027 0.0195412 0.0195412 0.0195412 0.0195412 
250 50 -0.00564787 -0.00564787 -0.00564787 -0.00564787 -0.00511675 -0.00511675 -0.00511675 -0.00511675 -0.00381178 -0.00381178 -0.00381178 -0.00381178 -0.000885438 -0.000885438 -0.000885438 -0.000885438 0.000110173 0.000110173 0.000110173 0.000110173 -0.000657532 -0.000657532 -0.000657532 -0.000657532 0.00751738 0.00751738 0.00751738 0.00751738 0.0316821 0.0316821 0.0316821 0.0316821 
250 75 -0.00491281 -0.00491281 -0.00491281 -0.00491281 -0.00382264 -0.00382264 -0.00382264 -0.00382264 0.00282521 0.00282521 0.00282521 0.00282521 0.0482569 0.0482569 0.0482569 0.0482569 0.00191369 0.00191369 0.00191369 0.00191369 0.00216291 0.00216291 0.00216291 0.00216291 0.0157578 0.0157578 0.0157578 0.0157578 0.0714075 0.0714075 0.0714075 0.0714075 
250 100 -0.00419023 -0.00419023 -0.00419023 -0.00419023 0.00554456 0.00554456 0.00554456 0.00554456 0.0338459 0.0338459 0.0338459 0.0338459 0 0 0 0 0.00716868 0.00716868 0.00716868 0.00716868 0.0157669 0.0157669 0.0157669 0.0157669 0.0607979 0.0607979 0.0607979 0.0607979 0 0 0 0 
250 120 0.0571475 0.0571475 0.0571475 0.0571475 0.152288 0.152288 0.152288 0.152288 0 0 0 0 0 0 0 0 0.0986342 0.0986342 0.0986342 0.0986342 0.146318 0.146318 0.146318 0.146318 0 0 0 0 0 0 0 0 
275 0 -0.00543061 -0.00543061 -0.00543061 -0.00543061 -0.00706994 -0.00706994 -0.00706994 -0.00706994 -0.00717884 -0.00717884 -0.00717884 -0.00717884 -0.00290187 -0.00290187 -0.00290187 -0.00290187 0.00234539 0.00234539 0.00234539 0.00234539 0.000126435 0.000126435 0.000126435 0.000126435 -0.00336507 -0.00336507 -0.00336507 -0.00336507 0.00874122 0.00874122 0.00874122 0.00874122 
275 25 -0.00574815 -0.00574815 -0.00574815 -0.00574815 -0.00704484 -0.00704484 -0.00704484 -0.00704484 -0.00689038 -0.00689038 -0.00689038 -0.00689038 -0.00623218 -0.00623218 -0.00623218 -0.00623218 -0.00350465 -0.00350465 -0.00350465 -0.00350465 -0.0015324 -0.0015324 -0.0015324 -0.0015324 -0.00133376 -0.00133376 -0.00133376 -0.00133376 0.0046529 0.0046529 0.0046529 0.0046529 
275 50 -0.0061156 -0.0061156 -0.0061156 -0.0061156 -0.0059673 -0.0059673 -0.0059673 -0.0059673 -0.00696826 -0.00696826 -0.00696826 -0.00696826 0.00808328 0.00808328 0.00808328 0.00808328 0.00400915 0.00400915 0.00400915 0.00400915 -0.00228476 -0.00228476 -0.00228476 -0.00228476 -0.00108686 -0.00108686 -0.00108686 -0.00108686 0.00893046 0.00893046 0.00893046 0.00893046 
275 75 -0.00555928 -0.00555928 -0.00555928 -0.00555928 -0.00672033 -0.00672033 -0.00672033 -0.00672033 -0.00557321 -0.00557321 -0.00557321 -0.00557321 0.00538733 0.00538733 0.00538733 0.00538733 -0.000240646 -0.000240646 -0.000240646 -0.000240646 -0.00161196 -0.00161196 -0.00161196 -0.00161196 0.00353061 0.00353061 0.00353061 0.00353061 0.0206483 0.0206483 0.0206483 0.0206483 
275 100 -0.00694337 -0.00694337 -0.00694337 -0.00694337 -0.00567258 -0.00567258 -0.00567258 -0.00567258 0.00260241 0.00260241 0.00260241 0.00260241 0.0225007 0.0225007 0.0225007 0.0225007 0.00289472 0.00289472 0.00289472 0.00289472 0.00172773 0.00172773 0.00172773 0.00172773 0.00837176 0.00837176 0.00837176 0.00837176 0.0363491 0.0363491 0.0363491 0.0363491 
275 125 -0.00619396 -0.00619396 -0.00619396 -0.00619396 0.00730108 0.00730108 0.00730108 0.00730108 0.0713085 0.0713085 0.0713085 0.0713085 0 0 0 0 0.00493278 0.00493278 0.00493278 0.00493278 0.0197448 0.0197448 0.0197448 0.0197448 0.0806767 0.0806767 0.0806767 0.0806767 0 0 0 0 
275 145 0.055579 0.055579 0.055579 0.055579 0.150083 0.150083 0.150083 0.150083 0 0 0 0 0 0 0 0 0.0748367 0.0748367 0.0748367 0.0748367 0.135508 0.135508 0.135508 0.135508 0 0 0 0 0 0 0 0 
300 0 -0.00532604 -0.00532604 -0.00532604 -0.00532604 -0.00667828 -0.00667828 -0.00667828 -0.00667828 -0.00931104 -0.00931104 -0.00931104 -0.00931104 -0.00640654 -0.00640654 -0.00640654 -0.00640654 0.0011182 0.0011182 0.0011182 0.0011182 -0.00201859 -0.00201859 -0.00201859 -0.00201859 -0.00405467 -0.00405467 -0.00405467 -0.00405467 0.00220894 0.00220894 0.00220894 0.00220894 
300 25 -0.00499734 -0.00499734 -0.00499734 -0.00499734 -0.00722638 -0.00722638 -0.00722638 -0.00722638 -0.0074639 -0.0074639 -0.0074639 -0.0074639 -0.0053822 -0.0053822 -0.0053822 -0.0053822 0.00889475 0.00889475 0.00889475 0.00889475 0.00092856 0.00092856 0.00092856 0.00092856 -0.00369642 -0.00369642 -0.00369642 -0.00369642 0.00375301 0.00375301 0.00375301 0.00375301 
300 50 -0.00770004 -0.00770004 -0.00770004 -0.00770004 -0.00808527 -0.00808527 -0.00808527 -0.00808527 -0.0101724 -0.0101724 -0.0101724 -0.0101724 -0.00509413 -0.00509413 -0.00509413 -0.00509413 0.00217379 0.00217379 0.00217379 0.00217379 -0.00385959 -0.00385959 -0.00385959 -0.00385959 -0.00333872 -0.00333872 -0.00333872 -0.00333872 0.00324784 0.00324784 0.00324784 0.00324784 
300 75 -0.00812577 -0.00812577 -0.00812577 -0.00812577 -0.00811805 -0.00811805 -0.00811805 -0.00811805 -0.00831451 -0.00831451 -0.00831451 -0.00831451 -0.00081812 -0.00081812 -0.00081812 -0.00081812 0.00108946 0.00108946 0.00108946 0.00108946 -0.00265299 -0.00265299 -0.00265299 -0.00265299 -0.00380634 -0.00380634 -0.00380634 -0.00380634 0.0103135 0.0103135 0.0103135 0.0103135 
300 100 -0.00722756 -0.00722756 -0.00722756 -0.00722756 -0.00698622 -0.00698622 -0.00698622 -0.00698622 -0.00549391 -0.00549391 -0.00549391 -0.00549391 -0.00349253 -0.00349253 -0.00349253 -0.00349253 0.000454366 0.000454366 0.000454366 0.000454366 -0.00210627 -0.00210627 -0.00210627 -0.00210627 0.000835433 0.000835433 0.000835433 0.000835433 0.0126277 0.0126277 0.0126277 0.0126277 
300 125 -0.00821349 -0.00821349 -0.00821349 -0.00821349 -0.00584273 -0.00584273 -0.00584273 -0.00584273 -0.0057009 -0.0057009 -0.0057009 -0.0057009 0.0220235 0.0220235 0.0220235 0.0220235 4.15375e-05 4.15375e-05 4.15375e-05 4.15375e-05 0.000666295 0.000666295 0.000666295 0.000666295 0.00518394 0.00518394 0.00518394 0.00518394 0.0492818 0.0492818 0.0492818 0.0492818 
300 150 -0.00259394 -0.00259394 -0.00259394 -0.00259394 0.00176834 0.00176834 0.00176834 0.00176834 0.0243733 0.0243733 0.0243733 0.0243733 0 0 0 0 0.00392357 0.00392357 0.00392357 0.00392357 0.0160593 0.0160593 0.0160593 0.0160593 0.0724645 0.0724645 0.0724645 0.0724645 0.0701985 0.0701985 0.0701985 0.0701985 
300 170 0.0563763 0.0563763 0.0563763 0.0563763 0.115523 0.115523 0.115523 0.115523 0 0 0 0 0 0 0 0 0.0593452 0.0593452 0.0593452 0.0593452 0.135174 0.135174 0.135174 0.135174 0 0 0 0 0 0 0 0 
325 0 -0.00553629 -0.00553629 -0.00553629 -0.00553629 -0.00927437 -0.00927437 -0.00927437 -0.00927437 -0.00991058 -0.00991058 -0.00991058 -0.00991058 -0.00776417 -0.00776417 -0.00776417 -0.00776417 -0.00103936 -0.00103936 -0.00103936 -0.00103936 -0.00189137 -0.00189137 -0.00189137 -0.00189137 -0.00493482 -0.00493482 -0.00493482 -0.00493482 0.00205007 0.00205007 0.00205007 0.00205007 
325 25 -0.00592613 -0.00592613 -0.00592613 -0.00592613 -0.00902617 -0.00902617 -0.00902617 -0.00902617 -0.00861265 -0.00861265 -0.00861265 -0.00861265 -0.00729143 -0.00729143 -0.00729143 -0.00729143 0.00879181 0.00879181 0.00879181 0.00879181 -0.00227984 -0.00227984 -0.00227984 -0.00227984 -0.0050007 -0.0050007 -0.0050007 -0.0050007 0.00213952 0.00213952 0.00213952 0.00213952 
325 50 -0.00717144 -0.00717144 -0.00717144 -0.00717144 -0.00812804 -0.00812804 -0.00812804 -0.00812804 -0.00914164 -0.00914164 -0.00914164 -0.00914164 -0.00747273 -0.00747273 -0.00747273 -0.00747273 0.00376471 0.00376471 0.00376471 0.00376471 -0.00190297 -0.00190297 -0.00190297 -0.00190297 -0.00527263 -0.00527263 -0.00527263 -0.00527263 0.00180809 0.00180809 0.00180809 0.00180809 
325 75 -0.00646056 -0.00646056 -0.00646056 -0.00646056 -0.00793842 -0.00793842 -0.00793842 -0.00793842 -0.00885999 -0.00885999 -0.00885999 -0.00885999 -0.00697042 -0.00697042 -0.00697042 -0.00697042 0.00458553 0.00458553 0.00458553 0.00458553 -0.00250736 -0.00250736 -0.00250736 -0.00250736 -0.0031681 -0.0031681 -0.0031681 -0.0031681 0.00375012 0.00375012 0.00375012 0.00375012 
325 100 -0.0102773 -0.0102773 -0.0102773 -0.0102773 -0.00653784 -0.00653784 -0.00653784 -0.00653784 -0.00916135 -0.00916135 -0.00916135 -0.00916135 -0.00347656 -0.00347656 -0.00347656 -0.00347656 0.00301209 0.00301209 0.00301209 0.00301209 -0.00242296 -0.00242296 -0.00242296 -0.00242296 -0.00399017 -0.00399017 -0.00399017 -0.00399017 0.00938624 0.00938624 0.00938624 0.00938624 
325 125 -0.00682568 -0.00682568 -0.00682568 -0.00682568 -0.00740651 -0.00740651 -0.00740651 -0.00740651 -0.00839974 -0.00839974 -0.00839974 -0.00839974 0.00108661 0.00108661 0.00108661 0.00108661 -0.00241399 -0.00241399 -0.00241399 -0.00241399 -0.000802411 -0.000802411 -0.000802411 -0.000802411 -0.00133134 -0.00133134 -0.00133134 -0.00133134 0.0130702 0.0130702 0.0130702 0.0130702 
325 150 -0.00776191 -0.00776191 -0.00776191 -0.00776191 -0.00697709 -0.00697709 -0.00697709 -0.00697709 -0.000884168 -0.000884168 -0.000884168 -0.000884168 0.0154881 0.0154881 0.0154881 0.0154881 -0.00207781 -0.00207781 -0.00207781 -0.00207781 -0.000121879 -0.000121879 -0.000121879 -0.000121879 0.00628405 0.00628405 0.00628405 0.00628405 0.0309241 0.0309241 0.0309241 0.0309241 
325 175 -0.00724804 -0.00724804 -0.00724804 -0.00724804 0.00444309 0.00444309 0.00444309 0.00444309 0.0470524 0.0470524 0.0470524 0.0470524 0 0 0 0 0.00155577 0.00155577 0.00155577 0.00155577 0.0157401 0.0157401 0.0157401 0.0157401 0.0500599 0.0500599 0.0500599 0.0500599 0.122546 0.122546 0.122546 0.122546 
325 195 0.0455557 0.0455557 0.0455557 0.0455557 0.123613 0.123613 0.123613 0.123613 0 0 0 0 0 0 0 0 0.0448235 0.0448235 0.0448235 0.0448235 0.135982 0.135982 0.135982 0.135982 0.222597 0.222597 0.222597 0.222597 0 0 0 0 
350 0 -0.00902776 -0.00902776 -0.00902776 -0.00902776 -0.00559759 -0.00559759 -0.00559759 -0.00559759 -0.0100467 -0.0100467 -0.0100467 -0.0100467 -0.00879288 -0.00879288 -0.00879288 -0.00879288 -0.00306076 -0.00306076 -0.00306076 -0.00306076 -0.00409192 -0.00409192 -0.00409192 -0.00409192 -0.00506167 -0.00506167 -0.00506167 -0.00506167 -0.00279033 -0.00279033 -0.00279033 -0.00279033 
350 25 -0.00703701 -0.00703701 -0.00703701 -0.00703701 -0.00887239 -0.00887239 -0.00887239 -0.00887239 -0.0100778 -0.0100778 -0.0100778 -0.0100778 -0.00903506 -0.00903506 -0.00903506 -0.00903506 0.00356015 0.00356015 0.00356015 0.00356015 -0.00317134 -0.00317134 -0.00317134 -0.00317134 -0.00597146 -0.00597146 -0.00597146 -0.00597146 -0.00265973 -0.00265973 -0.00265973 -0.00265973 
350 50 -0.00888632 -0.00888632 -0.00888632 -0.00888632 -0.00574696 -0.00574696 -0.00574696 -0.00574696 -0.00991958 -0.00991958 -0.00991958 -0.00991958 -0.00850661 -0.00850661 -0.00850661 -0.00850661 0.00943324 0.00943324 0.00943324 0.00943324 -0.0021989 -0.0021989 -0.0021989 -0.0021989 -0.00410564 -0.00410564 -0.00410564 -0.00410564 -0.000788212 -0.000788212 -0.000788212 -0.000788212 
350 75 -0.00662265 -0.00662265 -0.00662265 -0.00662265 -0.00805608 -0.00805608 -0.00805608 -0.00805608 -0.00909757 -0.00909757 -0.00909757 -0.00909757 -0.00632149 -0.00632149 -0.00632149 -0.00632149 -0.00414471 -0.00414471 -0.00414471 -0.00414471 -0.00200363 -0.00200363 -0.00200363 -0.00200363 -0.00571423 -0.00571423 -0.00571423 -0.00571423 0.000177435 0.000177435 0.000177435 0.000177435 
350 100 -0.00645677 -0.00645677 -0.00645677 -0.00645677 -0.00893992 -0.00893992 -0.00893992 -0.00893992 -0.0101753 -0.0101753 -0.0101753 -0.0101753 -0.00607761 -0.00607761 -0.00607761 -0.00607761 0.00979899 0.00979899 0.00979899 0.00979899 -0.00301691 -0.00301691 -0.00301691 -0.00301691 -0.00384372 -0.00384372 -0.00384372 -0.00384372 0.000316485 0.000316485 0.000316485 0.000316485 
350 125 -0.00850249 -0.00850249 -0.00850249 -0.00850249 -0.00949316 -0.00949316 -0.00949316 -0.00949316 -0.00925282 -0.00925282 -0.00925282 -0.00925282 -0.00480191 -0.00480191 -0.00480191 -0.00480191 1.37576e-05 1.37576e-05 1.37576e-05 1.37576e-05 -0.000330796 -0.000330796 -0.000330796 -0.000330796 -0.00388879 -0.00388879 -0.00388879 -0.00388879 0.00521836 0.00521836 0.00521836 0.00521836 
350 150 -0.00730524 -0.00730524 -0.00730524 -0.00730524 -0.00720872 -0.00720872 -0.00720872 -0.00720872 -0.00975902 -0.00975902 -0.00975902 -0.00975902 -0.000611454 -0.000611454 -0.000611454 -0.000611454 -0.00273073 -0.00273073 -0.00273073 -0.00273073 -0.00344558 -0.00344558 -0.00344558 -0.00344558 -0.00525988 -0.00525988 -0.00525988 -0.00525988 0.0157192 0.0157192 0.0157192 0.0157192 
350 175 -0.00812511 -0.00812511 -0.00812511 -0.00812511 -0.00737502 -0.00737502 -0.00737502 -0.00737502 -0.00257087 -0.00257087 -0.00257087 -0.00257087 0.0201967 0.0201967 0.0201967 0.0201967 -0.00172665 -0.00172665 -0.00172665 -0.00172665 -0.00159071 -0.00159071 -0.00159071 -0.00159071 0.0042932 0.0042932 0.0042932 0.0042932 0.0294443 0.0294443 0.0294443 0.0294443 
350 200 -0.00362243 -0.00362243 -0.00362243 -0.00362243 0.00606252 0.00606252 0.00606252 0.00606252 0.0213565 0.0213565 0.0213565 0.0213565 0 0 0 0 -0.0025762 -0.0025762 -0.0025762 -0.0025762 0.0126765 0.0126765 0.0126765 0.0126765 0.0527999 0.0527999 0.0527999 0.0527999 0.117379 0.117379 0.117379 0.117379 
350 220 0.0256037 0.0256037 0.0256037 0.0256037 0.111079 0.111079 0.111079 0.111079 0 0 0 0 0 0 0 0 0.0517876 0.0517876 0.0517876 0.0517876 0.127467 0.127467 0.127467 0.127467 0.164358 0.164358 0.164358 0.164358 0 0 0 0 
375 0 -0.0108501 -0.0108501 -0.0108501 -0.0108501 -0.00792459 -0.00792459 -0.00792459 -0.00792459 -0.0107965 -0.0107965 -0.0107965 -0.0107965 -0.0102507 -0.0102507 -0.0102507 -0.0102507 0.00257641 0.00257641 0.00257641 0.00257641 -0.00214174 -0.00214174 -0.00214174 -0.00214174 -0.00416351 -0.00416351 -0.00416351 -0.00416351 -0.00170637 -0.00170637 -0.00170637 -0.00170637 
375 25 -0.00605362 -0.00605362 -0.00605362 -0.00605362 -0.00669454 -0.00669454 -0.00669454 -0.00669454 -0.00808155 -0.00808155 -0.00808155 -0.00808155 -0.010262 -0.010262 -0.010262 -0.010262 0.000429999 0.000429999 0.000429999 0.000429999 -0.00159652 -0.00159652 -0.00159652 -0.00159652 -0.00487354 -0.00487354 -0.00487354 -0.00487354 -0.000248432 -0.000248432 -0.000248432 -0.000248432 
375 50 -0.0113505 -0.0113505 -0.0113505 -0.0113505 -0.0104218 -0.0104218 -0.0104218 -0.0104218 -0.00962727 -0.00962727 -0.00962727 -0.00962727 -0.0106759 -0.0106759 -0.0106759 -0.0106759 0.00448675 0.00448675 0.00448675 0.00448675 -0.00197166 -0.00197166 -0.00197166 -0.00197166 -0.0062574 -0.0062574 -0.0062574 -0.0062574 -0.00196498 -0.00196498 -0.00196498 -0.00196498 
375 75 -0.0117745 -0.0117745 -0.0117745 -0.0117745 -0.0103765 -0.0103765 -0.0103765 -0.0103765 -0.0112571 -0.0112571 -0.0112571 -0.0112571 -0.0107054 -0.0107054 -0.0107054 -0.0107054 -0.00225448 -0.00225448 -0.00225448 -0.00225448 -0.000504793 -0.000504793 -0.000504793 -0.000504793 -0.00495034 -0.00495034 -0.00495034 -0.00495034 -0.00255475 -0.00255475 -0.00255475 -0.00255475 
375 100 -0.00738211 -0.00738211 -0.00738211 -0.00738211 -0.0109104 -0.0109104 -0.0109104 -0.0109104 -0.0110161 -0.0110161 -0.0110161 -0.0110161 -0.0104062 -0.0104062 -0.0104062 -0.0104062 -0.00390639 -0.00390639 -0.00390639 -0.00390639 -0.00111245 -0.00111245 -0.00111245 -0.00111245 -0.00482826 -0.00482826 -0.00482826 -0.00482826 -6.01575e-05 -6.01575e-05 -6.01575e-05 -6.01575e-05 
375 125 -0.00912395 -0.00912395 -0.00912395 -0.00912395 -0.0109539 -0.0109539 -0.0109539 -0.0109539 -0.00881023 -0.00881023 -0.00881023 -0.00881023 -0.00658085 -0.00658085 -0.00658085 -0.00658085 -0.00563272 -0.00563272 -0.00563272 -0.00563272 -0.00520208 -0.00520208 -0.00520208 -0.00520208 -0.00415789 -0.00415789 -0.00415789 -0.00415789 0.00195306 0.00195306 0.00195306 0.00195306 
375 150 -0.00908946 -0.00908946 -0.00908946 -0.00908946 -0.00753665 -0.00753665 -0.00753665 -0.00753665 -0.00964702 -0.00964702 -0.00964702 -0.00964702 -0.00611263 -0.00611263 -0.00611263 -0.00611263 0.00190569 0.00190569 0.00190569 0.00190569 -0.00277306 -0.00277306 -0.00277306 -0.00277306 -0.00417342 -0.00417342 -0.00417342 -0.00417342 0.00252752 0.00252752 0.00252752 0.00252752 
375 175 -0.00581384 -0.00581384 -0.00581384 -0.00581384 -0.0112044 -0.0112044 -0.0112044 -0.0112044 -0.010032 -0.010032 -0.010032 -0.010032 -0.00336432 -0.00336432 -0.00336432 -0.00336432 -0.00429857 -0.00429857 -0.00429857 -0.00429857 -0.00341082 -0.00341082 -0.00341082 -0.00341082 -0.00378469 -0.00378469 -0.00378469 -0.00378469 0.00978382 0.00978382 0.00978382 0.00978382 
375 200 -0.0105816 -0.0105816 -0.0105816 -0.0105816 -0.00897928 -0.00897928 -0.00897928 -0.00897928 -0.00394331 -0.00394331 -0.00394331 -0.00394331 0.0056507 0.0056507 0.0056507 0.0056507 -0.000686843 -0.000686843 -0.000686843 -0.000686843 -0.00159467 -0.00159467 -0.00159467 -0.00159467 0.00448276 0.00448276 0.00448276 0.00448276 0.0464553 0.0464553 0.0464553 0.0464553 
375 225 -0.00804592 -0.00804592 -0.00804592 -0.00804592 -0.00263472 -0.00263472 -0.00263472 -0.00263472 0.023355 0.023355 0.023355 0.023355 0 0 0 0 -0.00135408 -0.00135408 -0.00135408 -0.00135408 0.00569138 0.00569138 0.00569138 0.00569138 0.0561359 0.0561359 0.0561359 0.0561359 0.128193 0.128193 0.128193 0.128193 
375 245 0.0288029 0.0288029 0.0288029 0.0288029 0.0842491 0.0842491 0.0842491 0.0842491 0 0 0 0 0 0 0 0 0.0452664 0.0452664 0.0452664 0.0452664 0.110852 0.110852 0.110852 0.110852 0.200986 0.200986 0.200986 0.200986 0 0 0 0 
400 0 -0.00734908 -0.00734908 -0.00734908 -0.00734908 -0.0101667 -0.0101667 -0.0101667 -0.0101667 -0.0115311 -0.0115311 -0.0115311 -0.0115311 -0.0110839 -0.0110839 -0.0110839 -0.0110839 0.00687386 0.00687386 0.00687386 0.00687386 -0.00299449 -0.00299449 -0.00299449 -0.00299449 -0.0054292 -0.0054292 -0.0054292 -0.0054292 -0.00175568 -0.00175568 -0.00175568 -0.00175568 
400 25 -0.00718499 -0.00718499 -0.00718499 -0.00718499 -0.00966882 -0.00966882 -0.00966882 -0.00966882 -0.010806 -0.010806 -0.010806 -0.010806 -0.0104255 -0.0104255 -0.0104255 -0.0104255 0.00172717 0.00172717 0.00172717 0.00172717 -0.000149478 -0.000149478 -0.000149478 -0.000149478 -0.00179597 -0.00179597 -0.00179597 -0.00179597 -0.00122355 -0.00122355 -0.00122355 -0.00122355 
400 50 -0.00603207 -0.00603207 -0.00603207 -0.00603207 -0.00891292 -0.00891292 -0.00891292 -0.00891292 -0.00965643 -0.00965643 -0.00965643 -0.00965643 -0.0106197 -0.0106197 -0.0106197 -0.0106197 0.000363873 0.000363873 0.000363873 0.000363873 -0.00089076 -0.00089076 -0.00089076 -0.00089076 -0.00452313 -0.00452313 -0.00452313 -0.00452313 -0.00240859 -0.00240859 -0.00240859 -0.00240859 
400 75 -0.00617053 -0.00617053 -0.00617053 -0.00617053 -0.00830594 -0.00830594 -0.00830594 -0.00830594 -0.0129226 -0.0129226 -0.0129226 -0.0129226 -0.0101257 -0.0101257 -0.0101257 -0.0101257 0.000731052 0.000731052 0.000731052 0.000731052 0.00381803 0.00381803 0.00381803 0.00381803 -0.00397029 -0.00397029 -0.00397029 -0.00397029 -0.0025732 -0.0025732 -0.0025732 -0.0025732 
400 100 -0.00924976 -0.00924976 -0.00924976 -0.00924976 -0.00871231 -0.00871231 -0.00871231 -0.00871231 -0.0117856 -0.0117856 -0.0117856 -0.0117856 -0.0102274 -0.0102274 -0.0102274 -0.0102274 0.00679991 0.00679991 0.00679991 0.00679991 -0.00150939 -0.00150939 -0.00150939 -0.00150939 -0.0052871 -0.0052871 -0.0052871 -0.0052871 -0.000186034 -0.000186034 -0.000186034 -0.000186034 
400 125 -0.0101965 -0.0101965 -0.0101965 -0.0101965 -0.00969948 -0.00969948 -0.00969948 -0.00969948 -0.0104057 -0.0104057 -0.0104057 -0.0104057 -0.00822441 -0.00822441 -0.00822441 -0.00822441 0.00578226 0.00578226 0.00578226 0.00578226 -0.00489653 -0.00489653 -0.00489653 -0.00489653 -0.00422133 -0.00422133 -0.00422133 -0.00422133 0.000834277 0.000834277 0.000834277 0.000834277 
400 150 -0.00660053 -0.00660053 -0.00660053 -0.00660053 -0.00741255 -0.00741255 -0.00741255 -0.00741255 -0.0104975 -0.0104975 -0.0104975 -0.0104975 -0.00849179 -0.00849179 -0.00849179 -0.00849179 -0.0010489 -0.0010489 -0.0010489 -0.0010489 -0.00343158 -0.00343158 -0.00343158 -0.00343158 -0.00659023 -0.00659023 -0.00659023 -0.00659023 0.00301815 0.00301815 0.00301815 0.00301815 
400 175 -0.00822012 -0.00822012 -0.00822012 -0.00822012 -0.0110445 -0.0110445 -0.0110445 -0.0110445 -0.011086 -0.011086 -0.011086 -0.011086 -0.00537005 -0.00537005 -0.00537005 -0.00537005 -0.00584186 -0.00584186 -0.00584186 -0.00584186 -0.00445726 -0.00445726 -0.00445726 -0.00445726 -0.00473631 -0.00473631 -0.00473631 -0.00473631 0.00460141 0.00460141 0.00460141 0.00460141 
400 200 -0.00766118 -0.00766118 -0.00766118 -0.00766118 -0.0105394 -0.0105394 -0.0105394 -0.0105394 -0.0101504 -0.0101504 -0.0101504 -0.0101504 -0.00462769 -0.00462769 -0.00462769 -0.00462769 0.00357173 0.00357173 0.00357173 0.00357173 -0.00583931 -0.00583931 -0.00583931 -0.00583931 -0.00266557 -0.00266557 -0.00266557 -0.00266557 0.0125719 0.0125719 0.0125719 0.0125719 
400 225 -0.0118043 -0.0118043 -0.0118043 -0.0118043 -0.008568 -0.008568 -0.008568 -0.008568 -0.00641495 -0.00641495 -0.00641495 -0.00641495 0.0101129 0.0101129 0.0101129 0.0101129 -0.000492628 -0.000492628 -0.000492628 -0.000492628 -0.00271958 -0.00271958 -0.00271958 -0.00271958 0.000881542 0.000881542 0.000881542 0.000881542 0.0341093 0.0341093 0.0341093 0.0341093 
400 250 -0.00510251 -0.00510251 -0.00510251 -0.00510251 8.57006e-05 8.57006e-05 8.57006e-05 8.57006e-05 0.015033 0.015033 0.015033 0.015033 0 0 0 0 0.000225672 0.000225672 0.000225672 0.000225672 0.00988367 0.00988367 0.00988367 0.00988367 0.0329752 0.0329752 0.0329752 0.0329752 0.122505 0.122505 0.122505 0.122505 
400 270 0.0307182 0.0307182 0.0307182 0.0307182 0.0686996 0.0686996 0.0686996 0.0686996 0 0 0 0 0 0 0 0 0.0300661 0.0300661 0.0300661 0.0300661 0.109781 0.109781 0.109781 0.109781 0.217557 0.217557 0.217557 0.217557 0 0 0 0 
425 0 -0.00733024 -0.00733024 -0.00733024 -0.00733024 -0.0102248 -0.0102248 -0.0102248 -0.0102248 -0.00855755 -0.00855755 -0.00855755 -0.00855755 -0.00993771 -0.00993771 -0.00993771 -0.00993771 -0.00185413 -0.00185413 -0.00185413 -0.00185413 -0.00170617 -0.00170617 -0.00170617 -0.00170617 -0.00216759 -0.00216759 -0.00216759 -0.00216759 -0.00281528 -0.00281528 -0.00281528 -0.00281528 
425 25 -0.00844113 -0.00844113 -0.00844113 -0.00844113 -0.00971262 -0.00971262 -0.00971262 -0.00971262 -0.0104488 -0.0104488 -0.0104488 -0.0104488 -0.0105204 -0.0105204 -0.0105204 -0.0105204 -0.00157152 -0.00157152 -0.00157152 -0.00157152 0.0006846 0.0006846 0.0006846 0.0006846 -0.00599274 -0.00599274 -0.00599274 -0.00599274 -0.00146107 -0.00146107 -0.00146107 -0.00146107 
425 50 -0.00880091 -0.00880091 -0.00880091 -0.00880091 -0.00956159 -0.00956159 -0.00956159 -0.00956159 -0.0060164 -0.0060164 -0.0060164 -0.0060164 -0.0105712 -0.0105712 -0.0105712 -0.0105712 -0.000104478 -0.000104478 -0.000104478 -0.000104478 -0.000821604 -0.000821604 -0.000821604 -0.000821604 -0.00580974 -0.00580974 -0.00580974 -0.00580974 -0.00321125 -0.00321125 -0.00321125 -0.00321125 
425 75 -0.0090555 -0.0090555 -0.0090555 -0.0090555 -0.00770314 -0.00770314 -0.00770314 -0.00770314 -0.00991791 -0.00991791 -0.00991791 -0.00991791 -0.00948562 -0.00948562 -0.00948562 -0.00948562 0.000636505 0.000636505 0.000636505 0.000636505 0.0026036 0.0026036 0.0026036 0.0026036 -0.00302475 -0.00302475 -0.00302475 -0.00302475 -0.00191619 -0.00191619 -0.00191619 -0.00191619 
425 100 -0.00858599 -0.00858599 -0.00858599 -0.00858599 -0.0078292 -0.0078292 -0.0078292 -0.0078292 -0.00918656 -0.00918656 -0.00918656 -0.00918656 -0.00962519 -0.00962519 -0.00962519 -0.00962519 0.00601192 0.00601192 0.00601192 0.00601192 0.00228955 0.00228955 0.00228955 0.00228955 -0.0056276 -0.0056276 -0.0056276 -0.0056276 -0.00268406 -0.00268406 -0.00268406 -0.00268406 
425 125 -0.00893671 -0.00893671 -0.00893671 -0.00893671 -0.00897139 -0.00897139 -0.00897139 -0.00897139 -0.0118493 -0.0118493 -0.0118493 -0.0118493 -0.00964779 -0.00964779 -0.00964779 -0.00964779 0.0138036 0.0138036 0.0138036 0.0138036 -0.00101689 -0.00101689 -0.00101689 -0.00101689 -0.00449705 -0.00449705 -0.00449705 -0.00449705 0.000675784 0.000675784 0.000675784 0.000675784 
425 150 -0.0111615 -0.0111615 -0.0111615 -0.0111615 -0.00975981 -0.00975981 -0.00975981 -0.00975981 -0.00941603 -0.00941603 -0.00941603 -0.00941603 -0.00860675 -0.00860675 -0.00860675 -0.00860675 0.00697921 0.00697921 0.00697921 0.00697921 0.000469632 0.000469632 0.000469632 0.000469632 -0.00717929 -0.00717929 -0.00717929 -0.00717929 -0.00264649 -0.00264649 -0.00264649 -0.00264649 
425 175 -0.00886345 -0.00886345 -0.00886345 -0.00886345 -0.00951633 -0.00951633 -0.00951633 -0.00951633 -0.0130632 -0.0130632 -0.0130632 -0.0130632 -0.00736549 -0.00736549 -0.00736549 -0.00736549 0.00261951 0.00261951 0.00261951 0.00261951 -0.00150556 -0.00150556 -0.00150556 -0.00150556 -0.00633609 -0.00633609 -0.00633609 -0.00633609 -0.00207423 -0.00207423 -0.00207423 -0.00207423 
425 200 -0.011151 -0.011151 -0.011151 -0.011151 -0.010737 -0.010737 -0.010737 -0.010737 -0.0102205 -0.0102205 -0.0102205 -0.0102205 -0.00623475 -0.00623475 -0.00623475 -0.00623475 -0.000686192 -0.000686192 -0.000686192 -0.000686192 -0.00436258 -0.00436258 -0.00436258 -0.00436258 -0.00690291 -0.00690291 -0.00690291 -0.00690291 0.0026166 0.0026166 0.0026166 0.0026166 
425 225 -0.00820403 -0.00820403 -0.00820403 -0.00820403 -0.0107036 -0.0107036 -0.0107036 -0.0107036 -0.0096503 -0.0096503 -0.0096503 -0.0096503 -0.00428246 -0.00428246 -0.00428246 -0.00428246 -0.00415652 -0.00415652 -0.00415652 -0.00415652 -0.00239965 -0.00239965 -0.00239965 -0.00239965 -0.00425777 -0.00425777 -0.00425777 -0.00425777 0.00944461 0.00944461 0.00944461 0.00944461 
425 250 -0.00666673 -0.00666673 -0.00666673 -0.00666673 -0.00880476 -0.00880476 -0.00880476 -0.00880476 -0.0039903 -0.0039903 -0.0039903 -0.0039903 0.0181996 0.0181996 0.0181996 0.0181996 -0.00448998 -0.00448998 -0.00448998 -0.00448998 -0.00427349 -0.00427349 -0.00427349 -0.00427349 0.00149147 0.00149147 0.00149147 0.00149147 0.0393092 0.0393092 0.0393092 0.0393092 
425 275 -0.00892465 -0.00892465 -0.00892465 -0.00892465 0.000762401 0.000762401 0.000762401 0.000762401 0.0357063 0.0357063 0.0357063 0.0357063 0.12626 0.12626 0.12626 0.12626 -0.00687548 -0.00687548 -0.00687548 -0.00687548 0.00770436 0.00770436 0.00770436 0.00770436 0.0406684 0.0406684 0.0406684 0.0406684 0.143295 0.143295 0.143295 0.143295 
425 295 0.0143481 0.0143481 0.0143481 0.0143481 0.0891111 0.0891111 0.0891111 0.0891111 0 0 0 0 0 0 0 0 0.047513 0.047513 0.047513 0.047513 0.0995385 0.0995385 0.0995385 0.0995385 0.187992 0.187992 0.187992 0.187992 0 0 0 0 
450 0 -0.00981132 -0.00981132 -0.00981132 -0.00981132 -0.00912953 -0.00912953 -0.00912953 -0.00912953 -0.0109915 -0.0109915 -0.0109915 -0.0109915 -0.0105443 -0.0105443 -0.0105443 -0.0105443 0.00546362 0.00546362 0.00546362 0.00546362 0.00222048 0.00222048 0.00222048 0.00222048 -0.0057761 -0.0057761 -0.0057761 -0.0057761 -0.00367264 -0.00367264 -0.00367264 -0.00367264 
450 25 -0.00835048 -0.00835048 -0.00835048 -0.00835048 -0.010158 -0.010158 -0.010158 -0.010158 -0.0112957 -0.0112957 -0.0112957 -0.0112957 -0.0104915 -0.0104915 -0.0104915 -0.0104915 0.00869158 0.00869158 0.00869158 0.00869158 0.00144422 0.00144422 0.00144422 0.00144422 -0.00582933 -0.00582933 -0.00582933 -0.00582933 -0.00191685 -0.00191685 -0.00191685 -0.00191685 
450 50 -0.0108591 -0.0108591 -0.0108591 -0.0108591 -0.00780086 -0.00780086 -0.00780086 -0.00780086 -0.0108966 -0.0108966 -0.0108966 -0.0108966 -0.0114993 -0.0114993 -0.0114993 -0.0114993 -0.00238571 -0.00238571 -0.00238571 -0.00238571 -0.00404038 -0.00404038 -0.00404038 -0.00404038 -0.0074015 -0.0074015 -0.0074015 -0.0074015 -0.00260906 -0.00260906 -0.00260906 -0.00260906 
450 75 -0.0112734 -0.0112734 -0.0112734 -0.0112734 -0.00688065 -0.00688065 -0.00688065 -0.00688065 -0.0114634 -0.0114634 -0.0114634 -0.0114634 -0.0121746 -0.0121746 -0.0121746 -0.0121746 -0.00258976 -0.00258976 -0.00258976 -0.00258976 -0.000699967 -0.000699967 -0.000699967 -0.000699967 -0.00512154 -0.00512154 -0.00512154 -0.00512154 -0.00266946 -0.00266946 -0.00266946 -0.00266946 
450 100 -0.0062024 -0.0062024 -0.0062024 -0.0062024 -0.00685448 -0.00685448 -0.00685448 -0.00685448 -0.0112723 -0.0112723 -0.0112723 -0.0112723 -0.0110167 -0.0110167 -0.0110167 -0.0110167 -0.000993466 -0.000993466 -0.000993466 -0.000993466 -0.00472837 -0.00472837 -0.00472837 -0.00472837 -0.00619596 -0.00619596 -0.00619596 -0.00619596 -0.00117642 -0.00117642 -0.00117642 -0.00117642 
450 125 -0.00515189 -0.00515189 -0.00515189 -0.00515189 -0.00779263 -0.00779263 -0.00779263 -0.00779263 -0.00867012 -0.00867012 -0.00867012 -0.00867012 -0.0103147 -0.0103147 -0.0103147 -0.0103147 -0.00348792 -0.00348792 -0.00348792 -0.00348792 -0.00404722 -0.00404722 -0.00404722 -0.00404722 -0.00436084 -0.00436084 -0.00436084 -0.00436084 -0.00487235 -0.00487235 -0.00487235 -0.00487235 
450 150 -0.00634325 -0.00634325 -0.00634325 -0.00634325 -0.0094435 -0.0094435 -0.0094435 -0.0094435 -0.012638 -0.012638 -0.012638 -0.012638 -0.0105807 -0.0105807 -0.0105807 -0.0105807 -0.000470598 -0.000470598 -0.000470598 -0.000470598 -0.000678001 -0.000678001 -0.000678001 -0.000678001 -0.00776185 -0.00776185 -0.00776185 -0.00776185 -0.00174978 -0.00174978 -0.00174978 -0.00174978 
450 175 -0.0102274 -0.0102274 -0.0102274 -0.0102274 -0.00545983 -0.00545983 -0.00545983 -0.00545983 -0.0112066 -0.0112066 -0.0112066 -0.0112066 -0.0101441 -0.0101441 -0.0101441 -0.0101441 0.00629071 0.00629071 0.00629071 0.00629071 0.00114881 0.00114881 0.00114881 0.00114881 -0.00628894 -0.00628894 -0.00628894 -0.00628894 0.000252031 0.000252031 0.000252031 0.000252031 
450 200 -0.00691809 -0.00691809 -0.00691809 -0.00691809 -0.0100981 -0.0100981 -0.0100981 -0.0100981 -0.0121725 -0.0121725 -0.0121725 -0.0121725 -0.00918316 -0.00918316 -0.00918316 -0.00918316 -0.0032423 -0.0032423 -0.0032423 -0.0032423 -0.00583892 -0.00583892 -0.00583892 -0.00583892 -0.00619731 -0.00619731 -0.00619731 -0.00619731 0.000285956 0.000285956 0.000285956 0.000285956 
450 225 -0.0106061 -0.0106061 -0.0106061 -0.0106061 -0.0110136 -0.0110136 -0.0110136 -0.0110136 -0.0135364 -0.0135364 -0.0135364 -0.0135364 -0.00778017 -0.00778017 -0.00778017 -0.00778017 -0.0021583 -0.0021583 -0.0021583 -0.0021583 -0.00366549 -0.00366549 -0.00366549 -0.00366549 -0.00505629 -0.00505629 -0.00505629 -0.00505629 0.00303078 0.00303078 0.00303078 0.00303078 
450 250 -0.012958 -0.012958 -0.012958 -0.012958 -0.00913452 -0.00913452 -0.00913452 -0.00913452 -0.00811125 -0.00811125 -0.00811125 -0.00811125 -0.00393016 -0.00393016 -0.00393016 -0.00393016 -0.00477936 -0.00477936 -0.00477936 -0.00477936 -0.00405569 -0.00405569 -0.00405569 -0.00405569 -0.00385364 -0.00385364 -0.00385364 -0.00385364 0.00508621 0.00508621 0.00508621 0.00508621 
450 275 -0.0125113 -0.0125113 -0.0125113 -0.0125113 -0.00744757 -0.00744757 -0.00744757 -0.00744757 -0.00554602 -0.00554602 -0.00554602 -0.00554602 0.000122937 0.000122937 0.000122937 0.000122937 -0.00575852 -0.00575852 -0.00575852 -0.00575852 -0.0043587 -0.0043587 -0.0043587 -0.0043587 0.0031617 0.0031617 0.0031617 0.0031617 0.0358214 0.0358214 0.0358214 0.0358214 
450 300 -0.011478 -0.011478 -0.011478 -0.011478 -0.00138094 -0.00138094 -0.00138094 -0.00138094 0.0296429 0.0296429 0.0296429 0.0296429 0.140375 0.140375 0.140375 0.140375 -0.00642804 -0.00642804 -0.00642804 -0.00642804 0.00635997 0.00635997 0.00635997 0.00635997 0.0510499 0.0510499 0.0510499 0.0510499 0.0823179 0.0823179 0.0823179 0.0823179 
450 320 0.0149064 0.0149064 0.0149064 0.0149064 0.0650644 0.0650644 0.0650644 0.0650644 0.149554 0.149554 0.149554 0.149554 0 0 0 0 0.0297809 0.0297809 0.0297809 0.0297809 0.110967 0.110967 0.110967 0.110967 0.190297 0.190297 0.190297 0.190297 0 0 0 0 
475 0 -0.0103815 -0.0103815 -0.0103815 -0.0103815 -0.00943829 -0.00943829 -0.00943829 -0.00943829 -0.00945757 -0.00945757 -0.00945757 -0.00945757 -0.0117462 -0.0117462 -0.0117462 -0.0117462 0.00938492 0.00938492 0.00938492 0.00938492 -0.000846717 -0.000846717 -0.000846717 -0.000846717 -0.00564852 -0.00564852 -0.00564852 -0.00564852 -0.00209768 -0.00209768 -0.00209768 -0.00209768 
475 25 -0.0100393 -0.0100393 -0.0100393 -0.0100393 -0.00708218 -0.00708218 -0.00708218 -0.00708218 -0.00898974 -0.00898974 -0.00898974 -0.00898974 -0.01151 -0.01151 -0.01151 -0.01151 0.00783376 0.00783376 0.00783376 0.00783376 -0.00136572 -0.00136572 -0.00136572 -0.00136572 -0.00464308 -0.00464308 -0.00464308 -0.00464308 -0.00318641 -0.00318641 -0.00318641 -0.00318641 
475 50 -0.00694123 -0.00694123 -0.00694123 -0.00694123 -0.0101543 -0.0101543 -0.0101543 -0.0101543 -0.0106231 -0.0106231 -0.0106231 -0.0106231 -0.0109976 -0.0109976 -0.0109976 -0.0109976 -0.0022987 -0.0022987 -0.0022987 -0.0022987 -0.00439366 -0.00439366 -0.00439366 -0.00439366 -0.00612965 -0.00612965 -0.00612965 -0.00612965 -0.0011411 -0.0011411 -0.0011411 -0.0011411 
475 75 -0.00793785 -0.00793785 -0.00793785 -0.00793785 -0.0116274 -0.0116274 -0.0116274 -0.0116274 -0.0112273 -0.0112273 -0.0112273 -0.0112273 -0.0108127 -0.0108127 -0.0108127 -0.0108127 5.72133e-05 5.72133e-05 5.72133e-05 5.72133e-05 1.71806e-05 1.71806e-05 1.71806e-05 1.71806e-05 -0.000464852 -0.000464852 -0.000464852 -0.000464852 -0.0026133 -0.0026133 -0.0026133 -0.0026133 
475 100 -0.0103564 -0.0103564 -0.0103564 -0.0103564 -0.00916065 -0.00916065 -0.00916065 -0.00916065 -0.00878133 -0.00878133 -0.00878133 -0.00878133 -0.0105541 -0.0105541 -0.0105541 -0.0105541 -0.00258364 -0.00258364 -0.00258364 -0.00258364 0.00219515 0.00219515 0.00219515 0.00219515 -0.00301078 -0.00301078 -0.00301078 -0.00301078 -0.00194604 -0.00194604 -0.00194604 -0.00194604 
475 125 -0.00307307 -0.00307307 -0.00307307 -0.00307307 -0.0105277 -0.0105277 -0.0105277 -0.0105277 -0.0127381 -0.0127381 -0.0127381 -0.0127381 -0.0115214 -0.0115214 -0.0115214 -0.0115214 0.0127372 0.0127372 0.0127372 0.0127372 -0.00105253 -0.00105253 -0.00105253 -0.00105253 -0.00547719 -0.00547719 -0.00547719 -0.00547719 -0.00173277 -0.00173277 -0.00173277 -0.00173277 
475 150 -0.00580432 -0.00580432 -0.00580432 -0.00580432 -0.00889573 -0.00889573 -0.00889573 -0.00889573 -0.010291 -0.010291 -0.010291 -0.010291 -0.0105558 -0.0105558 -0.0105558 -0.0105558 0.011712 0.011712 0.011712 0.011712 -0.00445 -0.00445 -0.00445 -0.00445 -0.00656955 -0.00656955 -0.00656955 -0.00656955 -0.000956713 -0.000956713 -0.000956713 -0.000956713 
475 175 -0.000893265 -0.000893265 -0.000893265 -0.000893265 -0.00931043 -0.00931043 -0.00931043 -0.00931043 -0.010691 -0.010691 -0.010691 -0.010691 -0.0112845 -0.0112845 -0.0112845 -0.0112845 -0.000508004 -0.000508004 -0.000508004 -0.000508004 -0.00400974 -0.00400974 -0.00400974 -0.00400974 -0.00536871 -0.00536871 -0.00536871 -0.00536871 -0.0038258 -0.0038258 -0.0038258 -0.0038258 
475 200 -0.00583265 -0.00583265 -0.00583265 -0.00583265 -0.0100323 -0.0100323 -0.0100323 -0.0100323 -0.0121135 -0.0121135 -0.0121135 -0.0121135 -0.0107871 -0.0107871 -0.0107871 -0.0107871 0.00511813 0.00511813 0.00511813 0.00511813 -0.00233217 -0.00233217 -0.00233217 -0.00233217 -0.00674984 -0.00674984 -0.00674984 -0.00674984 -0.00286163 -0.00286163 -0.00286163 -0.00286163 
475 225 -0.00393503 -0.00393503 -0.00393503 -0.00393503 -0.0102002 -0.0102002 -0.0102002 -0.0102002 -0.0131908 -0.0131908 -0.0131908 -0.0131908 -0.0106714 -0.0106714 -0.0106714 -0.0106714 -0.000109022 -0.000109022 -0.000109022 -0.000109022 -0.00372589 -0.00372589 -0.00372589 -0.00372589 -0.00648193 -0.00648193 -0.00648193 -0.00648193 -0.000353077 -0.000353077 -0.000353077 -0.000353077 
475 250 -0.008 -0.008 -0.008 -0.008 -0.00903313 -0.00903313 -0.00903313 -0.00903313 -0.0108768 -0.0108768 -0.0108768 -0.0108768 -0.00845531 -0.00845531 -0.00845531 -0.00845531 0.00113027 0.00113027 0.00113027 0.00113027 -0.00426366 -0.00426366 -0.00426366 -0.00426366 -0.00852219 -0.00852219 -0.00852219 -0.00852219 0.00575995 0.00575995 0.00575995 0.00575995 
475 275 -0.0102644 -0.0102644 -0.0102644 -0.0102644 -0.0121405 -0.0121405 -0.0121405 -0.0121405 -0.0115029 -0.0115029 -0.0115029 -0.0115029 0.000205138 0.000205138 0.000205138 0.000205138 0.0058091 0.0058091 0.0058091 0.0058091 -0.00319307 -0.00319307 -0.00319307 -0.00319307 -0.00446953 -0.00446953 -0.00446953 -0.00446953 0.00961411 0.00961411 0.00961411 0.00961411 
475 300 -0.00949144 -0.00949144 -0.00949144 -0.00949144 -0.00945446 -0.00945446 -0.00945446 -0.00945446 -0.00577103 -0.00577103 -0.00577103 -0.00577103 0.0033206 0.0033206 0.0033206 0.0033206 -0.0112535 -0.0112535 -0.0112535 -0.0112535 -0.00337529 -0.00337529 -0.00337529 -0.00337529 -0.00429053 -0.00429053 -0.00429053 -0.00429053 0.0321323 0.0321323 0.0321323 0.0321323 
475 325 -0.0115332 -0.0115332 -0.0115332 -0.0115332 -0.000502829 -0.000502829 -0.000502829 -0.000502829 0.0384179 0.0384179 0.0384179 0.0384179 0.13105 0.13105 0.13105 0.13105 -0.00135143 -0.00135143 -0.00135143 -0.00135143 0.00368543 0.00368543 0.00368543 0.00368543 0.0302212 0.0302212 0.0302212 0.0302212 0.137157 0.137157 0.137157 0.137157 
475 345 0.0241465 0.0241465 0.0241465 0.0241465 0.0963203 0.0963203 0.0963203 0.0963203 0.180561 0.180561 0.180561 0.180561 0 0 0 0 0.0265436 0.0265436 0.0265436 0.0265436 0.0859902 0.0859902 0.0859902 0.0859902 0.200552 0.200552 0.200552 0.200552 0 0 0 0 
500 0 -0.0143006 -0.0143006 -0.0143006 -0.0143006 -0.0110853 -0.0110853 -0.0110853 -0.0110853 -0.00843019 -0.00843019 -0.00843019 -0.00843019 -0.0122753 -0.0122753 -0.0122753 -0.0122753 0.0201439 0.0201439 0.0201439 0.0201439 0.00110029 0.00110029 0.00110029 0.00110029 -0.00427034 -0.00427034 -0.00427034 -0.00427034 -0.00284711 -0.00284711 -0.00284711 -0.00284711 
500 25 -0.00775027 -0.00775027 -0.00775027 -0.00775027 -0.00814682 -0.00814682 -0.00814682 -0.00814682 -0.0119643 -0.0119643 -0.0119643 -0.0119643 -0.011967 -0.011967 -0.011967 -0.011967 0.00499788 0.00499788 0.00499788 0.00499788 0.00112223 0.00112223 0.00112223 0.00112223 -0.00479878 -0.00479878 -0.00479878 -0.00479878 -0.00226518 -0.00226518 -0.00226518 -0.00226518 
500 50 -0.00302469 -0.00302469 -0.00302469 -0.00302469 -0.00971728 -0.00971728 -0.00971728 -0.00971728 -0.00830897 -0.00830897 -0.00830897 -0.00830897 -0.0121177 -0.0121177 -0.0121177 -0.0121177 0.00274196 0.00274196 0.00274196 0.00274196 -0.00302297 -0.00302297 -0.00302297 -0.00302297 -0.00465747 -0.00465747 -0.00465747 -0.00465747 -0.00301416 -0.00301416 -0.00301416 -0.00301416 
500 75 -0.00732264 -0.00732264 -0.00732264 -0.00732264 -0.00958789 -0.00958789 -0.00958789 -0.00958789 -0.0125287 -0.0125287 -0.0125287 -0.0125287 -0.0110742 -0.0110742 -0.0110742 -0.0110742 0.00113733 0.00113733 0.00113733 0.00113733 0.000719884 0.000719884 0.000719884 0.000719884 -0.00695526 -0.00695526 -0.00695526 -0.00695526 -0.00358538 -0.00358538 -0.00358538 -0.00358538 
500 100 -0.0126939 -0.0126939 -0.0126939 -0.0126939 -0.0115129 -0.0115129 -0.0115129 -0.0115129 -0.0105119 -0.0105119 -0.0105119 -0.0105119 -0.0121926 -0.0121926 -0.0121926 -0.0121926 0.0179023 0.0179023 0.0179023 0.0179023 -0.00523938 -0.00523938 -0.00523938 -0.00523938 -0.00161214 -0.00161214 -0.00161214 -0.00161214 -0.00172322 -0.00172322 -0.00172322 -0.00172322 
500 125 -0.00976981 -0.00976981 -0.00976981 -0.00976981 -0.0113471 -0.0113471 -0.0113471 -0.0113471 -0.0116338 -0.0116338 -0.0116338 -0.0116338 -0.0123286 -0.0123286 -0.0123286 -0.0123286 -0.00109531 -0.00109531 -0.00109531 -0.00109531 0.00431589 0.00431589 0.00431589 0.00431589 -0.00423447 -0.00423447 -0.00423447 -0.00423447 -0.00376086 -0.00376086 -0.00376086 -0.00376086 
500 150 0.000577297 0.000577297 0.000577297 0.000577297 -0.00839308 -0.00839308 -0.00839308 -0.00839308 -0.010821 -0.010821 -0.010821 -0.010821 -0.0123685 -0.0123685 -0.0123685 -0.0123685 0.0045681 0.0045681 0.0045681 0.0045681 -0.00273054 -0.00273054 -0.00273054 -0.00273054 -0.00491432 -0.00491432 -0.00491432 -0.00491432 -0.00231057 -0.00231057 -0.00231057 -0.00231057 
500 175 -0.0126782 -0.0126782 -0.0126782 -0.0126782 -0.0107865 -0.0107865 -0.0107865 -0.0107865 -0.0114257 -0.0114257 -0.0114257 -0.0114257 -0.0124715 -0.0124715 -0.0124715 -0.0124715 0.000672564 0.000672564 0.000672564 0.000672564 -0.00129568 -0.00129568 -0.00129568 -0.00129568 -0.00460252 -0.00460252 -0.00460252 -0.00460252 -0.00282699 -0.00282699 -0.00282699 -0.00282699 
500 200 -0.00749753 -0.00749753 -0.00749753 -0.00749753 -0.00710883 -0.00710883 -0.00710883 -0.00710883 -0.0132176 -0.0132176 -0.0132176 -0.0132176 -0.0115451 -0.0115451 -0.0115451 -0.0115451 -0.00446346 -0.00446346 -0.00446346 -0.00446346 -0.000576787 -0.000576787 -0.000576787 -0.000576787 -0.00651941 -0.00651941 -0.00651941 -0.00651941 -0.0035179 -0.0035179 -0.0035179 -0.0035179 
500 225 -0.00938706 -0.00938706 -0.00938706 -0.00938706 -0.00812242 -0.00812242 -0.00812242 -0.00812242 -0.0107962 -0.0107962 -0.0107962 -0.0107962 -0.00994067 -0.00994067 -0.00994067 -0.00994067 -0.00355638 -0.00355638 -0.00355638 -0.00355638 -0.00237467 -0.00237467 -0.00237467 -0.00237467 -0.00767328 -0.00767328 -0.00767328 -0.00767328 0.00059895 0.00059895 0.00059895 0.00059895 
500 250 -0.00695955 -0.00695955 -0.00695955 -0.00695955 -0.0102891 -0.0102891 -0.0102891 -0.0102891 -0.0123767 -0.0123767 -0.0123767 -0.0123767 -0.00894254 -0.00894254 -0.00894254 -0.00894254 0.00731965 0.00731965 0.00731965 0.00731965 -0.00375385 -0.00375385 -0.00375385 -0.00375385 -0.00552462 -0.00552462 -0.00552462 -0.00552462 -0.000621662 -0.000621662 -0.000621662 -0.000621662 
500 275 -0.0079105 -0.0079105 -0.0079105 -0.0079105 -0.0112103 -0.0112103 -0.0112103 -0.0112103 -0.0119071 -0.0119071 -0.0119071 -0.0119071 -0.00761809 -0.00761809 -0.00761809 -0.00761809 -0.00670734 -0.00670734 -0.00670734 -0.00670734 -0.00269326 -0.00269326 -0.00269326 -0.00269326 -0.00485841 -0.00485841 -0.00485841 -0.00485841 0.00150955 0.00150955 0.00150955 0.00150955 
500 300 -0.0145264 -0.0145264 -0.0145264 -0.0145264 -0.0110968 -0.0110968 -0.0110968 -0.0110968 -0.011426 -0.011426 -0.011426 -0.011426 -0.00411902 -0.00411902 -0.00411902 -0.00411902 -0.00603687 -0.00603687 -0.00603687 -0.00603687 -0.00676887 -0.00676887 -0.00676887 -0.00676887 -0.00670643 -0.00670643 -0.00670643 -0.00670643 0.0108324 0.0108324 0.0108324 0.0108324 
500 325 -0.00805278 -0.00805278 -0.00805278 -0.00805278 -0.00794722 -0.00794722 -0.00794722 -0.00794722 -0.00563139 -0.00563139 -0.00563139 -0.00563139 0.0170617 0.0170617 0.0170617 0.0170617 -0.00291352 -0.00291352 -0.00291352 -0.00291352 -0.00192451 -0.00192451 -0.00192451 -0.00192451 -0.0030811 -0.0030811 -0.0030811 -0.0030811 0.0332469 0.0332469 0.0332469 0.0332469 
500 350 -0.00153145 -0.00153145 -0.00153145 -0.00153145 -0.00455047 -0.00455047 -0.00455047 -0.00455047 0.0270301 0.0270301 0.0270301 0.0270301 0 0 0 0 -0.00521831 -0.00521831 -0.00521831 -0.00521831 0.00626439 0.00626439 0.00626439 0.00626439 0.0391485 0.0391485 0.0391485 0.0391485 0.101413 0.101413 0.101413 0.101413 
500 370 0.0161938 0.0161938 0.0161938 0.0161938 0.0704905 0.0704905 0.0704905 0.0704905 0 0 0 0 0 0 0 0 0.0326086 0.0326086 0.0326086 0.0326086 0.0873073 0.0873073 0.0873073 0.0873073 0.183518 0.183518 0.183518 0.183518 0.220828 0.220828 0.220828 0.220828 
