130 0 0 0 0 0 0 0 0 0 0 0 0 0 0 0 0 0 0 0 0 0 0 0 0 0 0 0 0 0 0 0 0 0 
150 0 0 0 0 0 0 0 0 0 0 0 0 0 0 0 0 0 0.00428996 0 0 0 0 0 0 0 0 0 0 0 0 0 0 0 
175 0 0.00221841 0.0155777 0.0357404 0.0343962 0.0670304 0.0752555 0.0982893 0.0999332 0 0 0 0 0 0 0 0 -0.000371975 0.00652972 -0.00433383 0.00449418 0.0553278 0.0574656 0.0915156 0.10164 0 0 0 0 0 0 0 0 
200 0 -0.0217794 -0.0356059 -0.0282537 -0.0170372 0.0500291 0.0549389 0.0672243 0.0603615 0.223301 0 0 0.153979 0 0 0 0 -0.0377966 -0.0286762 -0.0483966 -0.0109565 0.0507592 0.0448688 0.0394753 0.0517053 0.130315 0.143796 0.162202 0.148492 0 0 0 0 
225 0 -0.0406599 -0.0247284 -0.0347701 -0.0272838 0.020385 0.0332661 0.0323997 0.0281103 0.133296 0.138526 0.0625897 0.120309 0.207936 0.227621 0 0.293417 -0.0497427 -0.0475079 -0.048178 -0.0457027 0.0116965 0.0100881 0.00454888 0.0156501 0.0955777 0.0755542 0.0880362 0.0875442 0.212421 0.27955 0.164047 0.196698 
250 0 -0.035101 -0.0522538 -0.0648865 -0.0337002 -0.0045989 -0.00473155 -0.00800546 0.00530923 0.0853072 0.0659224 0.0631253 0.103293 0.130464 0.208 0.191709 0.105705 -0.0696479 -0.0708502 -0.0728778 -0.0549314 -0.0123711 -0.00618396 -0.00976427 -0.000775224 0.053207 0.0701102 0.0510935 0.0695227 0.169758 0.202186 0.208427 0.131331 
275 0 -0.0352812 -0.0550432 -0.100149 -0.0596272 -0.00935056 -0.0114625 -0.00793583 -0.00568949 0.0422745 0.0443396 0.00663691 0.0308115 0.108991 0.147037 0.111134 0.124089 -0.0479272 -0.0642266 -0.0484788 -0.0780806 -0.0218975 -0.0272888 -0.0311667 -0.0324492 0.0271268 0.0403895 0.0210531 0.0412235 0.0795327 0.0817576 0.0885855 0.0891515 
300 0 -0.0563598 -0.0471805 -0.0545222 -0.0554944 -0.0160882 -0.000652802 -0.0176756 -0.0248567 0.0010889 -0.00201647 0.0119552 0.0265979 0.0704337 0.0937881 0.0951026 0.0901466 -0.0683 -0.00640942 -0.0435554 -0.0847959 -0.0379858 -0.0328912 -0.0371209 -0.021948 0.00157349 0.00021158 0.00495918 0.0167057 0.0788953 0.0677041 0.0743741 0.101715 
325 0 -0.0689548 -0.0313022 -0.0406368 -0.06237 -0.0296406 -0.0176501 -0.0272245 -0.0189935 -0.000455142 0.0124387 -0.00359082 0.000197708 0.0618759 0.0662667 0.0697248 0.0661552 -0.0586714 -0.0487244 -0.0408935 -0.0674163 -0.036716 -0.0336004 -0.0212126 -0.046506 -0.0113195 -0.00293454 -0.00835727 -0.00858093 0.0501814 0.0587431 0.0515995 0.0589059 
350 0 -0.0551409 -0.0192513 -0.0793325 -0.0410017 -0.0351677 -0.0322331 -0.0252005 -0.0350765 -0.0237842 -0.00426534 -0.0411883 -0.0125776 0.0426846 0.0566963 0.0448148 0.061567 -0.0604709 -0.0373335 -0.0535664 -0.0370518 -0.0426115 -0.0216579 -0.0279948 -0.0376545 -0.0254473 -0.0199735 -0.0338659 -0.0337287 0.0430956 0.047512 0.0196268 0.0518364 
375 0 -0.0849356 -0.0331496 -0.054344 -0.0554469 -0.03614 -0.0230402 -0.046014 -0.0220851 -0.0274114 -0.0211625 -0.0184938 -0.0211272 0.0425767 0.0430965 0.0349013 0.0385596 -0.0937213 -0.0506152 -0.0419503 -0.0513755 -0.0409829 -0.0591957 -0.0369869 -0.0453967 -0.0217686 -0.0486836 -0.0306523 -0.04539 0.0309434 0.0245705 0.0198286 0.0202127 
400 0 -0.0491371 -0.0637367 -0.048307 -0.0409409 -0.0458755 -0.0133708 -0.0246373 -0.0499678 -0.0276048 -0.0203661 -0.013742 -0.016624 0.03303 0.0376505 0.0325001 0.034213 -0.075512 -0.0159812 -0.0571163 -0.0536782 -0.0532431 -0.0366877 -0.0656171 -0.0501491 -0.0357754 -0.0276485 -0.0189879 -0.0181436 0.023086 0.0357883 0.016332 0.0105845 
425 0 -0.0747792 -0.0791379 -0.0465198 -0.0619194 -0.0178503 -0.0301814 -0.0271263 -0.0311481 -0.0224071 -0.0226001 -0.00780033 -0.0167101 0.0152056 0.0400662 0.0343165 0.0325986 -0.0763798 -0.0676049 -0.105958 -0.0381338 -0.044205 -0.0218718 -0.029932 -0.00544223 -0.0435389 -0.0388475 -0.0446044 -0.0726156 0.0170775 0.0283773 0.0246483 0.0159369 
450 0 -0.03657 -0.0875071 -0.029393 -0.0485945 -0.0148713 -0.0272453 -0.00292764 -0.0127676 -0.0393871 -0.0292803 -0.0326501 -0.0315696 0.0169311 0.0188601 0.0223124 0.032307 -0.0621537 -0.0559864 -0.0831403 -0.0755827 -0.0335655 -0.0479097 -0.0420825 -0.0256185 -0.0537421 -0.0521427 -0.00571629 -0.0413543 0.0167138 0.0027851 0.00574784 0.0164947 
475 0 -0.0554617 -0.0746167 -0.0544623 -0.0733933 -0.0327654 -0.0429442 -0.00577179 -0.0449154 -0.0498245 -0.0154733 -0.0456709 -0.0273295 0.0126832 0.0142215 0.00875294 0.0164453 -0.0663381 -0.0841129 -0.0658043 -0.0914204 -0.0499729 -0.0597988 -0.0295783 -0.0425054 -0.0324795 -0.0380656 -0.0384265 -0.0226948 0.00667907 0.0186694 0.0139351 0.0193675 
500 0 -0.036537 -0.040176 -0.0543848 -0.0714645 -0.0343403 -0.0192175 -0.0406367 -0.0351097 -0.0484287 -0.030182 -0.0308278 -0.0208891 0.00586015 0.017971 0.0111981 0.0215114 -0.0907125 -0.0988297 -0.0763552 -0.0763453 -0.0285432 -0.0206458 -0.0285894 -0.036213 -0.0429335 -0.0558282 -0.0399702 -0.0248869 0.00104211 0.0139231 -0.000337704 0.00586992 
