130 0 0 0 0 0 0 0 0 0 0 0 0 0 0 0 0 0 0 0 0 0 0 0 0 0 0 0 0 0 0 0 0 0 
150 0 0 0 0 0 0 0 0 0 0 0 0 0 0 0 0 0 0.0259994 0.0259994 0.0259994 0.0259994 0 0 0 0 0 0 0 0 0 0 0 0 
175 0 0.0011812 0.0011812 0.0011812 0.0011812 0.00734357 0.00734357 0.00734357 0.00734357 0 0 0 0 0 0 0 0 0.0133624 0.0133624 0.0133624 0.0133624 0.0192344 0.0192344 0.0192344 0.0192344 0 0 0 0 0 0 0 0 
200 0 -0.00329567 -0.00329567 -0.00329567 -0.00329567 -0.00183667 -0.00183667 -0.00183667 -0.00183667 0.00458678 0.00458678 0.00458678 0.00458678 0 0 0 0 -0.000558134 -0.000558134 -0.000558134 -0.000558134 0.00598114 0.00598114 0.00598114 0.00598114 0.00937576 0.00937576 0.00937576 0.00937576 0 0 0 0 
225 0 -0.00589095 -0.00589095 -0.00589095 -0.00589095 -0.00523494 -0.00523494 -0.00523494 -0.00523494 -0.000593485 -0.000593485 -0.000593485 -0.000593485 0.0123096 0.0123096 0.0123096 0.0123096 -0.00161885 -0.00161885 -0.00161885 -0.00161885 -0.000519388 -0.000519388 -0.000519388 -0.000519388 0.00713443 0.00713443 0.00713443 0.00713443 0.0262374 0.0262374 0.0262374 0.0262374 
250 0 -0.00528928 -0.00528928 -0.00528928 -0.00528928 -0.00583328 -0.00583328 -0.00583328 -0.00583328 -0.00482059 -0.00482059 -0.00482059 -0.00482059 0.00312005 0.00312005 0.00312005 0.00312005 -0.000602226 -0.000602226 -0.000602226 -0.000602226 -0.00244492 -0.00244492 -0.00244492 -0.00244492 0.00452519 0.00452519 0.00452519 0.00452519 0.00335779 0.00335779 0.00335779 0.00335779 
275 0 -0.00716513 -0.00716513 -0.00716513 -0.00716513 -0.00773092 -0.00773092 -0.00773092 -0.00773092 -0.00872683 -0.00872683 -0.00872683 -0.00872683 0.000492068 0.000492068 0.000492068 0.000492068 -0.00603497 -0.00603497 -0.00603497 -0.00603497 -0.00406013 -0.00406013 -0.00406013 -0.00406013 -0.00541102 -0.00541102 -0.00541102 -0.00541102 -0.000243284 -0.000243284 -0.000243284 -0.000243284 
300 0 -0.00838366 -0.00838366 -0.00838366 -0.00838366 -0.00904128 -0.00904128 -0.00904128 -0.00904128 -0.00981831 -0.00981831 -0.00981831 -0.00981831 -0.00391445 -0.00391445 -0.00391445 -0.00391445 -0.00472921 -0.00472921 -0.00472921 -0.00472921 -0.00280637 -0.00280637 -0.00280637 -0.00280637 -0.00506655 -0.00506655 -0.00506655 -0.00506655 0.00467768 0.00467768 0.00467768 0.00467768 
325 0 -0.00759758 -0.00759758 -0.00759758 -0.00759758 -0.00903846 -0.00903846 -0.00903846 -0.00903846 -0.00925261 -0.00925261 -0.00925261 -0.00925261 -0.00650603 -0.00650603 -0.00650603 -0.00650603 -0.00723007 -0.00723007 -0.00723007 -0.00723007 -0.00430243 -0.00430243 -0.00430243 -0.00430243 -0.00326919 -0.00326919 -0.00326919 -0.00326919 0.00164095 0.00164095 0.00164095 0.00164095 
350 0 -0.00904318 -0.00904318 -0.00904318 -0.00904318 -0.0104368 -0.0104368 -0.0104368 -0.0104368 -0.0102502 -0.0102502 -0.0102502 -0.0102502 -0.00778992 -0.00778992 -0.00778992 -0.00778992 -0.0026401 -0.0026401 -0.0026401 -0.0026401 -0.00398129 -0.00398129 -0.00398129 -0.00398129 -0.00862357 -0.00862357 -0.00862357 -0.00862357 -0.00260868 -0.00260868 -0.00260868 -0.00260868 
375 0 -0.00645687 -0.00645687 -0.00645687 -0.00645687 -0.00955253 -0.00955253 -0.00955253 -0.00955253 -0.0106045 -0.0106045 -0.0106045 -0.0106045 -0.00989543 -0.00989543 -0.00989543 -0.00989543 0.000530574 0.000530574 0.000530574 0.000530574 -0.00367295 -0.00367295 -0.00367295 -0.00367295 -0.00573323 -0.00573323 -0.00573323 -0.00573323 -0.00185414 -0.00185414 -0.00185414 -0.00185414 
400 0 -0.0114083 -0.0114083 -0.0114083 -0.0114083 -0.00949363 -0.00949363 -0.00949363 -0.00949363 -0.0100429 -0.0100429 -0.0100429 -0.0100429 -0.00927068 -0.00927068 -0.00927068 -0.00927068 -0.00520152 -0.00520152 -0.00520152 -0.00520152 -0.00562392 -0.00562392 -0.00562392 -0.00562392 -0.00649824 -0.00649824 -0.00649824 -0.00649824 -0.0025131 -0.0025131 -0.0025131 -0.0025131 
425 0 -0.00968423 -0.00968423 -0.00968423 -0.00968423 -0.0111143 -0.0111143 -0.0111143 -0.0111143 -0.0103551 -0.0103551 -0.0103551 -0.0103551 -0.0107979 -0.0107979 -0.0107979 -0.0107979 -0.00168751 -0.00168751 -0.00168751 -0.00168751 -0.00394563 -0.00394563 -0.00394563 -0.00394563 -0.00609471 -0.00609471 -0.00609471 -0.00609471 -0.00346755 -0.00346755 -0.00346755 -0.00346755 
450 0 -0.00865127 -0.00865127 -0.00865127 -0.00865127 -0.0103382 -0.0103382 -0.0103382 -0.0103382 -0.0126801 -0.0126801 -0.0126801 -0.0126801 -0.0114285 -0.0114285 -0.0114285 -0.0114285 0.0038208 0.0038208 0.0038208 0.0038208 -0.00535551 -0.00535551 -0.00535551 -0.00535551 -0.00878201 -0.00878201 -0.00878201 -0.00878201 -0.00205452 -0.00205452 -0.00205452 -0.00205452 
475 0 -0.00643609 -0.00643609 -0.00643609 -0.00643609 -0.00850503 -0.00850503 -0.00850503 -0.00850503 -0.0117333 -0.0117333 -0.0117333 -0.0117333 -0.011912 -0.011912 -0.011912 -0.011912 -0.00658718 -0.00658718 -0.00658718 -0.00658718 -0.00167637 -0.00167637 -0.00167637 -0.00167637 -0.00557636 -0.00557636 -0.00557636 -0.00557636 -0.00129325 -0.00129325 -0.00129325 -0.00129325 
500 0 -0.00733286 -0.00733286 -0.00733286 -0.00733286 -0.0130098 -0.0130098 -0.0130098 -0.0130098 -0.0126012 -0.0126012 -0.0126012 -0.0126012 -0.012603 -0.012603 -0.012603 -0.012603 0.00987191 0.00987191 0.00987191 0.00987191 -0.0059831 -0.0059831 -0.0059831 -0.0059831 -0.00314736 -0.00314736 -0.00314736 -0.00314736 -0.00305795 -0.00305795 -0.00305795 -0.00305795 
