130 0 0 0 0 0 0 0 0 0 0 0 0 0 0 0 0 0 0 0 0 0 0 0 0 0 0 0 0 0 0 0 0 0 
150 0 0 0 0 0 0 0 0 0 0 0 0 0 0 0 0 0 0.147212 0.147212 0.147212 0.147212 0.172009 0.172009 0.172009 0.172009 0 0 0 0 0 0 0 0 
150 20 0 0 0 0 0 0 0 0 0 0 0 0 0 0 0 0 0 0 0 0 0 0 0 0 0 0 0 0 0 0 0 0 
175 0 0.0245998 0.0245998 0.0245998 0.0245998 0.224122 0.224122 0.224122 0.224122 0 0 0 0 0 0 0 0 -0.0481923 -0.0481923 -0.0481923 -0.0481923 0.172536 0.172536 0.172536 0.172536 0 0 0 0 0 0 0 0 
175 25 0.0237694 0.0237694 0.0237694 0.0237694 0.327808 0.327808 0.327808 0.327808 0 0 0 0 0 0 0 0 -0.0267777 -0.0267777 -0.0267777 -0.0267777 0.160669 0.160669 0.160669 0.160669 0 0 0 0 0 0 0 0 
175 45 0 0 0 0 0 0 0 0 0 0 0 0 0 0 0 0 0.118346 0.118346 0.118346 0.118346 0 0 0 0 0 0 0 0 0 0 0 0 
200 0 -0.0471933 -0.0471933 -0.0471933 -0.0471933 0.0936155 0.0936155 0.0936155 0.0936155 0.245726 0.245726 0.245726 0.245726 0 0 0 0 -0.103585 -0.103585 -0.103585 -0.103585 0.0491777 0.0491777 0.0491777 0.0491777 0.246516 0.246516 0.246516 0.246516 0 0 0 0 
200 25 -0.00942213 -0.00942213 -0.00942213 -0.00942213 0.0856089 0.0856089 0.0856089 0.0856089 0.563434 0.563434 0.563434 0.563434 0 0 0 0 -0.0703111 -0.0703111 -0.0703111 -0.0703111 0.0698018 0.0698018 0.0698018 0.0698018 0.278962 0.278962 0.278962 0.278962 0 0 0 0 
200 50 -0.0126455 -0.0126455 -0.0126455 -0.0126455 0.155007 0.155007 0.155007 0.155007 0 0 0 0 0 0 0 0 -0.0545409 -0.0545409 -0.0545409 -0.0545409 0.136952 0.136952 0.136952 0.136952 0.342752 0.342752 0.342752 0.342752 0 0 0 0 
200 70 0.150322 0.150322 0.150322 0.150322 0 0 0 0 0 0 0 0 0 0 0 0 -0.0724828 -0.0724828 -0.0724828 -0.0724828 0.0625601 0.0625601 0.0625601 0.0625601 0 0 0 0 0 0 0 0 
225 0 -0.0812826 -0.0812826 -0.0812826 -0.0812826 0.0426278 0.0426278 0.0426278 0.0426278 0.15267 0.15267 0.15267 0.15267 0.396579 0.396579 0.396579 0.396579 -0.135348 -0.135348 -0.135348 -0.135348 0.0140441 0.0140441 0.0140441 0.0140441 0.128515 0.128515 0.128515 0.128515 0.339629 0.339629 0.339629 0.339629 
225 25 -0.0497906 -0.0497906 -0.0497906 -0.0497906 0.0239538 0.0239538 0.0239538 0.0239538 0.206563 0.206563 0.206563 0.206563 0.369075 0.369075 0.369075 0.369075 -0.0928375 -0.0928375 -0.0928375 -0.0928375 0.0122144 0.0122144 0.0122144 0.0122144 0.152699 0.152699 0.152699 0.152699 0.418884 0.418884 0.418884 0.418884 
225 50 -0.0849608 -0.0849608 -0.0849608 -0.0849608 0.05715 0.05715 0.05715 0.05715 0.221497 0.221497 0.221497 0.221497 0 0 0 0 -0.0914904 -0.0914904 -0.0914904 -0.0914904 0.0413154 0.0413154 0.0413154 0.0413154 0.201579 0.201579 0.201579 0.201579 0.389278 0.389278 0.389278 0.389278 
225 75 -0.0313148 -0.0313148 -0.0313148 -0.0313148 0.119122 0.119122 0.119122 0.119122 0.131649 0.131649 0.131649 0.131649 0 0 0 0 -0.0793435 -0.0793435 -0.0793435 -0.0793435 0.079418 0.079418 0.079418 0.079418 0.34831 0.34831 0.34831 0.34831 0 0 0 0 
225 95 0.0226238 0.0226238 0.0226238 0.0226238 0.401705 0.401705 0.401705 0.401705 0 0 0 0 0 0 0 0 -0.0144981 -0.0144981 -0.0144981 -0.0144981 0.0944688 0.0944688 0.0944688 0.0944688 0 0 0 0 0 0 0 0 
250 0 -0.102991 -0.102991 -0.102991 -0.102991 0.0026141 0.0026141 0.0026141 0.0026141 0.122959 0.122959 0.122959 0.122959 0.196405 0.196405 0.196405 0.196405 -0.108309 -0.108309 -0.108309 -0.108309 -0.0351852 -0.0351852 -0.0351852 -0.0351852 0.0898943 0.0898943 0.0898943 0.0898943 0.188056 0.188056 0.188056 0.188056 
250 25 -0.116308 -0.116308 -0.116308 -0.116308 0.0176799 0.0176799 0.0176799 0.0176799 0.0711298 0.0711298 0.0711298 0.0711298 0.263092 0.263092 0.263092 0.263092 -0.112377 -0.112377 -0.112377 -0.112377 -0.0361837 -0.0361837 -0.0361837 -0.0361837 0.0818378 0.0818378 0.0818378 0.0818378 0.236438 0.236438 0.236438 0.236438 
250 50 -0.0681888 -0.0681888 -0.0681888 -0.0681888 0.00664292 0.00664292 0.00664292 0.00664292 0.144298 0.144298 0.144298 0.144298 0.287646 0.287646 0.287646 0.287646 -0.114723 -0.114723 -0.114723 -0.114723 -0.0285859 -0.0285859 -0.0285859 -0.0285859 0.138163 0.138163 0.138163 0.138163 0.246042 0.246042 0.246042 0.246042 
250 75 -0.0465283 -0.0465283 -0.0465283 -0.0465283 0.0555106 0.0555106 0.0555106 0.0555106 0.160941 0.160941 0.160941 0.160941 0.342369 0.342369 0.342369 0.342369 -0.0881236 -0.0881236 -0.0881236 -0.0881236 0.00903885 0.00903885 0.00903885 0.00903885 0.212337 0.212337 0.212337 0.212337 0.247322 0.247322 0.247322 0.247322 
250 100 -0.0446041 -0.0446041 -0.0446041 -0.0446041 0.137286 0.137286 0.137286 0.137286 0.25139 0.25139 0.25139 0.25139 0 0 0 0 -0.0676932 -0.0676932 -0.0676932 -0.0676932 0.0641971 0.0641971 0.0641971 0.0641971 0.345118 0.345118 0.345118 0.345118 0 0 0 0 
250 120 0.144737 0.144737 0.144737 0.144737 -0.0530212 -0.0530212 -0.0530212 -0.0530212 0 0 0 0 0 0 0 0 -0.0252173 -0.0252173 -0.0252173 -0.0252173 -0.0776951 -0.0776951 -0.0776951 -0.0776951 0 0 0 0 0 0 0 0 
275 0 -0.061431 -0.061431 -0.061431 -0.061431 -0.0143197 -0.0143197 -0.0143197 -0.0143197 0.00530153 0.00530153 0.00530153 0.00530153 0.177546 0.177546 0.177546 0.177546 -0.141239 -0.141239 -0.141239 -0.141239 -0.0484267 -0.0484267 -0.0484267 -0.0484267 0.0113165 0.0113165 0.0113165 0.0113165 0.167559 0.167559 0.167559 0.167559 
275 25 -0.0942733 -0.0942733 -0.0942733 -0.0942733 -0.0222031 -0.0222031 -0.0222031 -0.0222031 0.0603018 0.0603018 0.0603018 0.0603018 0.163825 0.163825 0.163825 0.163825 -0.0984149 -0.0984149 -0.0984149 -0.0984149 -0.0596183 -0.0596183 -0.0596183 -0.0596183 0.0630259 0.0630259 0.0630259 0.0630259 0.156997 0.156997 0.156997 0.156997 
275 50 -0.0623521 -0.0623521 -0.0623521 -0.0623521 -0.0115619 -0.0115619 -0.0115619 -0.0115619 0.0430979 0.0430979 0.0430979 0.0430979 0.190132 0.190132 0.190132 0.190132 -0.0585846 -0.0585846 -0.0585846 -0.0585846 -0.0283604 -0.0283604 -0.0283604 -0.0283604 0.0528846 0.0528846 0.0528846 0.0528846 0.182827 0.182827 0.182827 0.182827 
275 75 -0.102966 -0.102966 -0.102966 -0.102966 0.00382117 0.00382117 0.00382117 0.00382117 0.0751335 0.0751335 0.0751335 0.0751335 0.232172 0.232172 0.232172 0.232172 -0.0984982 -0.0984982 -0.0984982 -0.0984982 -0.0213362 -0.0213362 -0.0213362 -0.0213362 0.0509031 0.0509031 0.0509031 0.0509031 0.26495 0.26495 0.26495 0.26495 
275 100 -0.106685 -0.106685 -0.106685 -0.106685 0.0170881 0.0170881 0.0170881 0.0170881 0.15928 0.15928 0.15928 0.15928 0.326462 0.326462 0.326462 0.326462 -0.0984754 -0.0984754 -0.0984754 -0.0984754 0.000597304 0.000597304 0.000597304 0.000597304 0.149716 0.149716 0.149716 0.149716 0.32007 0.32007 0.32007 0.32007 
275 125 -0.0339706 -0.0339706 -0.0339706 -0.0339706 0.0923112 0.0923112 0.0923112 0.0923112 0.142786 0.142786 0.142786 0.142786 0 0 0 0 -0.0591032 -0.0591032 -0.0591032 -0.0591032 0.0249796 0.0249796 0.0249796 0.0249796 0.147766 0.147766 0.147766 0.147766 0 0 0 0 
275 145 -0.0155685 -0.0155685 -0.0155685 -0.0155685 0.226194 0.226194 0.226194 0.226194 0 0 0 0 0 0 0 0 -0.119918 -0.119918 -0.119918 -0.119918 0.0300916 0.0300916 0.0300916 0.0300916 0 0 0 0 0 0 0 0 
300 0 -0.0922576 -0.0922576 -0.0922576 -0.0922576 -0.0198245 -0.0198245 -0.0198245 -0.0198245 0.00097059 0.00097059 0.00097059 0.00097059 0.111846 0.111846 0.111846 0.111846 -0.144041 -0.144041 -0.144041 -0.144041 -0.0656743 -0.0656743 -0.0656743 -0.0656743 0.00200824 0.00200824 0.00200824 0.00200824 0.115198 0.115198 0.115198 0.115198 
300 25 -0.0978031 -0.0978031 -0.0978031 -0.0978031 -0.0344233 -0.0344233 -0.0344233 -0.0344233 -0.0176396 -0.0176396 -0.0176396 -0.0176396 0.144038 0.144038 0.144038 0.144038 -0.1126 -0.1126 -0.1126 -0.1126 -0.0571798 -0.0571798 -0.0571798 -0.0571798 -0.0187916 -0.0187916 -0.0187916 -0.0187916 0.133582 0.133582 0.133582 0.133582 
300 50 -0.0921923 -0.0921923 -0.0921923 -0.0921923 -0.0298582 -0.0298582 -0.0298582 -0.0298582 0.0376285 0.0376285 0.0376285 0.0376285 0.115543 0.115543 0.115543 0.115543 -0.153746 -0.153746 -0.153746 -0.153746 -0.0390884 -0.0390884 -0.0390884 -0.0390884 0.0240089 0.0240089 0.0240089 0.0240089 0.107238 0.107238 0.107238 0.107238 
300 75 -0.106771 -0.106771 -0.106771 -0.106771 -0.0100229 -0.0100229 -0.0100229 -0.0100229 0.0523046 0.0523046 0.0523046 0.0523046 0.160269 0.160269 0.160269 0.160269 -0.152297 -0.152297 -0.152297 -0.152297 -0.0615201 -0.0615201 -0.0615201 -0.0615201 0.0149 0.0149 0.0149 0.0149 0.173338 0.173338 0.173338 0.173338 
300 100 -0.0834575 -0.0834575 -0.0834575 -0.0834575 0.0082385 0.0082385 0.0082385 0.0082385 0.0339137 0.0339137 0.0339137 0.0339137 0.221444 0.221444 0.221444 0.221444 -0.16449 -0.16449 -0.16449 -0.16449 -0.037864 -0.037864 -0.037864 -0.037864 0.0436695 0.0436695 0.0436695 0.0436695 0.18432 0.18432 0.18432 0.18432 
300 125 -0.096694 -0.096694 -0.096694 -0.096694 0.0124249 0.0124249 0.0124249 0.0124249 0.129373 0.129373 0.129373 0.129373 0.232324 0.232324 0.232324 0.232324 -0.180784 -0.180784 -0.180784 -0.180784 -0.00749131 -0.00749131 -0.00749131 -0.00749131 0.096194 0.096194 0.096194 0.096194 0.240043 0.240043 0.240043 0.240043 
300 150 -0.0493779 -0.0493779 -0.0493779 -0.0493779 0.0656815 0.0656815 0.0656815 0.0656815 0.0906012 0.0906012 0.0906012 0.0906012 0 0 0 0 -0.102376 -0.102376 -0.102376 -0.102376 0.0458149 0.0458149 0.0458149 0.0458149 0.150734 0.150734 0.150734 0.150734 0.340385 0.340385 0.340385 0.340385 
300 170 -0.0103537 -0.0103537 -0.0103537 -0.0103537 0.0956049 0.0956049 0.0956049 0.0956049 0 0 0 0 0 0 0 0 -0.125542 -0.125542 -0.125542 -0.125542 0.00353928 0.00353928 0.00353928 0.00353928 0 0 0 0 0 0 0 0 
325 0 -0.0861555 -0.0861555 -0.0861555 -0.0861555 -0.0346548 -0.0346548 -0.0346548 -0.0346548 -0.0041167 -0.0041167 -0.0041167 -0.0041167 0.0799371 0.0799371 0.0799371 0.0799371 -0.0825841 -0.0825841 -0.0825841 -0.0825841 -0.0649458 -0.0649458 -0.0649458 -0.0649458 -0.0302186 -0.0302186 -0.0302186 -0.0302186 0.0736508 0.0736508 0.0736508 0.0736508 
325 25 -0.0722414 -0.0722414 -0.0722414 -0.0722414 -0.0261995 -0.0261995 -0.0261995 -0.0261995 -0.0135715 -0.0135715 -0.0135715 -0.0135715 0.0814093 0.0814093 0.0814093 0.0814093 -0.20079 -0.20079 -0.20079 -0.20079 -0.0604713 -0.0604713 -0.0604713 -0.0604713 -0.0153136 -0.0153136 -0.0153136 -0.0153136 0.0770671 0.0770671 0.0770671 0.0770671 
325 50 -0.0829231 -0.0829231 -0.0829231 -0.0829231 -0.0396978 -0.0396978 -0.0396978 -0.0396978 -0.00501244 -0.00501244 -0.00501244 -0.00501244 0.106635 0.106635 0.106635 0.106635 -0.124621 -0.124621 -0.124621 -0.124621 -0.0669159 -0.0669159 -0.0669159 -0.0669159 -0.0534969 -0.0534969 -0.0534969 -0.0534969 0.0877275 0.0877275 0.0877275 0.0877275 
325 75 -0.0901055 -0.0901055 -0.0901055 -0.0901055 -0.0324751 -0.0324751 -0.0324751 -0.0324751 0.000690484 0.000690484 0.000690484 0.000690484 0.110231 0.110231 0.110231 0.110231 -0.121994 -0.121994 -0.121994 -0.121994 -0.0398451 -0.0398451 -0.0398451 -0.0398451 -0.023796 -0.023796 -0.023796 -0.023796 0.116058 0.116058 0.116058 0.116058 
325 100 -0.0766676 -0.0766676 -0.0766676 -0.0766676 -0.0174692 -0.0174692 -0.0174692 -0.0174692 0.0267421 0.0267421 0.0267421 0.0267421 0.149269 0.149269 0.149269 0.149269 -0.178287 -0.178287 -0.178287 -0.178287 -0.0621942 -0.0621942 -0.0621942 -0.0621942 0.00758586 0.00758586 0.00758586 0.00758586 0.119361 0.119361 0.119361 0.119361 
325 125 -0.133652 -0.133652 -0.133652 -0.133652 -0.0188781 -0.0188781 -0.0188781 -0.0188781 0.0650239 0.0650239 0.0650239 0.0650239 0.216727 0.216727 0.216727 0.216727 -0.1035 -0.1035 -0.1035 -0.1035 -0.0334055 -0.0334055 -0.0334055 -0.0334055 0.0214372 0.0214372 0.0214372 0.0214372 0.177199 0.177199 0.177199 0.177199 
325 150 -0.0848897 -0.0848897 -0.0848897 -0.0848897 0.018241 0.018241 0.018241 0.018241 0.0851449 0.0851449 0.0851449 0.0851449 0.324089 0.324089 0.324089 0.324089 -0.0918767 -0.0918767 -0.0918767 -0.0918767 -0.0244839 -0.0244839 -0.0244839 -0.0244839 0.0601826 0.0601826 0.0601826 0.0601826 0.211148 0.211148 0.211148 0.211148 
325 175 0.00890488 0.00890488 0.00890488 0.00890488 0.0576374 0.0576374 0.0576374 0.0576374 0.240962 0.240962 0.240962 0.240962 0 0 0 0 -0.0803423 -0.0803423 -0.0803423 -0.0803423 0.0146271 0.0146271 0.0146271 0.0146271 0.155524 0.155524 0.155524 0.155524 0.29553 0.29553 0.29553 0.29553 
325 195 0.0707482 0.0707482 0.0707482 0.0707482 0.0819525 0.0819525 0.0819525 0.0819525 0 0 0 0 0 0 0 0 -0.13369 -0.13369 -0.13369 -0.13369 0.0372564 0.0372564 0.0372564 0.0372564 0.0168653 0.0168653 0.0168653 0.0168653 0 0 0 0 
350 0 -0.155739 -0.155739 -0.155739 -0.155739 -0.0394634 -0.0394634 -0.0394634 -0.0394634 -0.0234936 -0.0234936 -0.0234936 -0.0234936 0.0675948 0.0675948 0.0675948 0.0675948 -0.111846 -0.111846 -0.111846 -0.111846 -0.0719832 -0.0719832 -0.0719832 -0.0719832 -0.0446885 -0.0446885 -0.0446885 -0.0446885 0.0731038 0.0731038 0.0731038 0.0731038 
350 25 -0.0753758 -0.0753758 -0.0753758 -0.0753758 -0.0463895 -0.0463895 -0.0463895 -0.0463895 -0.0169436 -0.0169436 -0.0169436 -0.0169436 0.0768615 0.0768615 0.0768615 0.0768615 -0.191057 -0.191057 -0.191057 -0.191057 -0.0524429 -0.0524429 -0.0524429 -0.0524429 -0.062515 -0.062515 -0.062515 -0.062515 0.0651338 0.0651338 0.0651338 0.0651338 
350 50 -0.0977168 -0.0977168 -0.0977168 -0.0977168 -0.0500335 -0.0500335 -0.0500335 -0.0500335 -0.0330305 -0.0330305 -0.0330305 -0.0330305 0.0842981 0.0842981 0.0842981 0.0842981 -0.153927 -0.153927 -0.153927 -0.153927 -0.064478 -0.064478 -0.064478 -0.064478 -0.0625807 -0.0625807 -0.0625807 -0.0625807 0.0864907 0.0864907 0.0864907 0.0864907 
350 75 -0.114599 -0.114599 -0.114599 -0.114599 -0.0359376 -0.0359376 -0.0359376 -0.0359376 -0.034199 -0.034199 -0.034199 -0.034199 0.0896617 0.0896617 0.0896617 0.0896617 -0.170162 -0.170162 -0.170162 -0.170162 -0.0613642 -0.0613642 -0.0613642 -0.0613642 -0.0420776 -0.0420776 -0.0420776 -0.0420776 0.0724599 0.0724599 0.0724599 0.0724599 
350 100 -0.106946 -0.106946 -0.106946 -0.106946 -0.034346 -0.034346 -0.034346 -0.034346 -0.0159331 -0.0159331 -0.0159331 -0.0159331 0.109979 0.109979 0.109979 0.109979 -0.199183 -0.199183 -0.199183 -0.199183 -0.0632865 -0.0632865 -0.0632865 -0.0632865 -0.037912 -0.037912 -0.037912 -0.037912 0.0843429 0.0843429 0.0843429 0.0843429 
350 125 -0.0930306 -0.0930306 -0.0930306 -0.0930306 -0.0054476 -0.0054476 -0.0054476 -0.0054476 -0.0251382 -0.0251382 -0.0251382 -0.0251382 0.0762912 0.0762912 0.0762912 0.0762912 -0.127316 -0.127316 -0.127316 -0.127316 -0.0653454 -0.0653454 -0.0653454 -0.0653454 -0.0128632 -0.0128632 -0.0128632 -0.0128632 0.110209 0.110209 0.110209 0.110209 
350 150 -0.114387 -0.114387 -0.114387 -0.114387 -0.0225871 -0.0225871 -0.0225871 -0.0225871 0.0293959 0.0293959 0.0293959 0.0293959 0.14769 0.14769 0.14769 0.14769 -0.0887141 -0.0887141 -0.0887141 -0.0887141 -0.0530019 -0.0530019 -0.0530019 -0.0530019 0.0288903 0.0288903 0.0288903 0.0288903 0.140061 0.140061 0.140061 0.140061 
350 175 -0.0963327 -0.0963327 -0.0963327 -0.0963327 -0.00752563 -0.00752563 -0.00752563 -0.00752563 0.128506 0.128506 0.128506 0.128506 0.150172 0.150172 0.150172 0.150172 -0.165036 -0.165036 -0.165036 -0.165036 -0.0168398 -0.0168398 -0.0168398 -0.0168398 0.0577007 0.0577007 0.0577007 0.0577007 0.224874 0.224874 0.224874 0.224874 
350 200 -0.0486472 -0.0486472 -0.0486472 -0.0486472 0.0757719 0.0757719 0.0757719 0.0757719 0.188081 0.188081 0.188081 0.188081 0 0 0 0 -0.0666447 -0.0666447 -0.0666447 -0.0666447 -0.0079148 -0.0079148 -0.0079148 -0.0079148 0.140688 0.140688 0.140688 0.140688 0.284854 0.284854 0.284854 0.284854 
350 220 -0.0346911 -0.0346911 -0.0346911 -0.0346911 0.113181 0.113181 0.113181 0.113181 0 0 0 0 0 0 0 0 -0.0884692 -0.0884692 -0.0884692 -0.0884692 0.0111566 0.0111566 0.0111566 0.0111566 0.1339 0.1339 0.1339 0.1339 0 0 0 0 
375 0 -0.0932039 -0.0932039 -0.0932039 -0.0932039 -0.0518647 -0.0518647 -0.0518647 -0.0518647 -0.0353182 -0.0353182 -0.0353182 -0.0353182 0.0696633 0.0696633 0.0696633 0.0696633 -0.162956 -0.162956 -0.162956 -0.162956 -0.0417854 -0.0417854 -0.0417854 -0.0417854 -0.0733102 -0.0733102 -0.0733102 -0.0733102 0.0497737 0.0497737 0.0497737 0.0497737 
375 25 -0.0897669 -0.0897669 -0.0897669 -0.0897669 -0.0619457 -0.0619457 -0.0619457 -0.0619457 -0.00604199 -0.00604199 -0.00604199 -0.00604199 0.0452981 0.0452981 0.0452981 0.0452981 -0.0893492 -0.0893492 -0.0893492 -0.0893492 -0.0571207 -0.0571207 -0.0571207 -0.0571207 -0.0810605 -0.0810605 -0.0810605 -0.0810605 0.052023 0.052023 0.052023 0.052023 
375 50 -0.121908 -0.121908 -0.121908 -0.121908 -0.018638 -0.018638 -0.018638 -0.018638 -0.0174387 -0.0174387 -0.0174387 -0.0174387 0.0646271 0.0646271 0.0646271 0.0646271 -0.141123 -0.141123 -0.141123 -0.141123 -0.0429968 -0.0429968 -0.0429968 -0.0429968 -0.0754865 -0.0754865 -0.0754865 -0.0754865 0.0597023 0.0597023 0.0597023 0.0597023 
375 75 -0.102724 -0.102724 -0.102724 -0.102724 -0.0317388 -0.0317388 -0.0317388 -0.0317388 -0.0213188 -0.0213188 -0.0213188 -0.0213188 0.0587991 0.0587991 0.0587991 0.0587991 -0.0569341 -0.0569341 -0.0569341 -0.0569341 -0.0485498 -0.0485498 -0.0485498 -0.0485498 -0.058721 -0.058721 -0.058721 -0.058721 0.0546483 0.0546483 0.0546483 0.0546483 
375 100 -0.0592044 -0.0592044 -0.0592044 -0.0592044 -0.0392197 -0.0392197 -0.0392197 -0.0392197 -0.0217516 -0.0217516 -0.0217516 -0.0217516 0.065826 0.065826 0.065826 0.065826 -0.116398 -0.116398 -0.116398 -0.116398 -0.0606833 -0.0606833 -0.0606833 -0.0606833 -0.0335219 -0.0335219 -0.0335219 -0.0335219 0.0686254 0.0686254 0.0686254 0.0686254 
375 125 -0.0795347 -0.0795347 -0.0795347 -0.0795347 -0.0355537 -0.0355537 -0.0355537 -0.0355537 -0.0292231 -0.0292231 -0.0292231 -0.0292231 0.102212 0.102212 0.102212 0.102212 -0.190339 -0.190339 -0.190339 -0.190339 -0.034363 -0.034363 -0.034363 -0.034363 -0.0412041 -0.0412041 -0.0412041 -0.0412041 0.0898051 0.0898051 0.0898051 0.0898051 
375 150 -0.01883 -0.01883 -0.01883 -0.01883 -0.0137846 -0.0137846 -0.0137846 -0.0137846 -0.0108799 -0.0108799 -0.0108799 -0.0108799 0.106305 0.106305 0.106305 0.106305 -0.0940226 -0.0940226 -0.0940226 -0.0940226 -0.0489905 -0.0489905 -0.0489905 -0.0489905 -0.0499887 -0.0499887 -0.0499887 -0.0499887 0.0950395 0.0950395 0.0950395 0.0950395 
375 175 -0.114224 -0.114224 -0.114224 -0.114224 -0.0286633 -0.0286633 -0.0286633 -0.0286633 0.036574 0.036574 0.036574 0.036574 0.170364 0.170364 0.170364 0.170364 -0.0794969 -0.0794969 -0.0794969 -0.0794969 -0.0528329 -0.0528329 -0.0528329 -0.0528329 0.0199271 0.0199271 0.0199271 0.0199271 0.144139 0.144139 0.144139 0.144139 
375 200 -0.0658847 -0.0658847 -0.0658847 -0.0658847 0.00332439 0.00332439 0.00332439 0.00332439 0.076237 0.076237 0.076237 0.076237 0.171526 0.171526 0.171526 0.171526 -0.10139 -0.10139 -0.10139 -0.10139 -0.0149402 -0.0149402 -0.0149402 -0.0149402 0.0738709 0.0738709 0.0738709 0.0738709 0.174712 0.174712 0.174712 0.174712 
375 225 -0.0207049 -0.0207049 -0.0207049 -0.0207049 0.0135254 0.0135254 0.0135254 0.0135254 0.155614 0.155614 0.155614 0.155614 0 0 0 0 -0.111651 -0.111651 -0.111651 -0.111651 0.0557441 0.0557441 0.0557441 0.0557441 0.056226 0.056226 0.056226 0.056226 0.261555 0.261555 0.261555 0.261555 
375 245 0.0865289 0.0865289 0.0865289 0.0865289 0.0611556 0.0611556 0.0611556 0.0611556 0 0 0 0 0 0 0 0 -0.12432 -0.12432 -0.12432 -0.12432 0.0730261 0.0730261 0.0730261 0.0730261 0.133659 0.133659 0.133659 0.133659 0 0 0 0 
400 0 -0.120502 -0.120502 -0.120502 -0.120502 -0.0382789 -0.0382789 -0.0382789 -0.0382789 -0.0354681 -0.0354681 -0.0354681 -0.0354681 0.0457951 0.0457951 0.0457951 0.0457951 -0.071916 -0.071916 -0.071916 -0.071916 -0.0374609 -0.0374609 -0.0374609 -0.0374609 -0.0704486 -0.0704486 -0.0704486 -0.0704486 0.031857 0.031857 0.031857 0.031857 
400 25 -0.037819 -0.037819 -0.037819 -0.037819 -0.0601421 -0.0601421 -0.0601421 -0.0601421 -0.0249333 -0.0249333 -0.0249333 -0.0249333 0.0429128 0.0429128 0.0429128 0.0429128 -0.0875282 -0.0875282 -0.0875282 -0.0875282 -0.0637135 -0.0637135 -0.0637135 -0.0637135 -0.0340129 -0.0340129 -0.0340129 -0.0340129 0.0324703 0.0324703 0.0324703 0.0324703 
400 50 -0.128831 -0.128831 -0.128831 -0.128831 -0.0193251 -0.0193251 -0.0193251 -0.0193251 -0.0402381 -0.0402381 -0.0402381 -0.0402381 0.0569884 0.0569884 0.0569884 0.0569884 -0.143613 -0.143613 -0.143613 -0.143613 -0.102788 -0.102788 -0.102788 -0.102788 -0.0788272 -0.0788272 -0.0788272 -0.0788272 0.0457195 0.0457195 0.0457195 0.0457195 
400 75 -0.0881024 -0.0881024 -0.0881024 -0.0881024 -0.0582912 -0.0582912 -0.0582912 -0.0582912 -0.0325021 -0.0325021 -0.0325021 -0.0325021 0.048634 0.048634 0.048634 0.048634 -0.199444 -0.199444 -0.199444 -0.199444 -0.0529607 -0.0529607 -0.0529607 -0.0529607 -0.0664989 -0.0664989 -0.0664989 -0.0664989 0.0478607 0.0478607 0.0478607 0.0478607 
400 100 -0.103736 -0.103736 -0.103736 -0.103736 -0.0525808 -0.0525808 -0.0525808 -0.0525808 -0.0300131 -0.0300131 -0.0300131 -0.0300131 0.0474137 0.0474137 0.0474137 0.0474137 -0.12849 -0.12849 -0.12849 -0.12849 -0.0669378 -0.0669378 -0.0669378 -0.0669378 -0.0590641 -0.0590641 -0.0590641 -0.0590641 0.0496501 0.0496501 0.0496501 0.0496501 
400 125 -0.0872575 -0.0872575 -0.0872575 -0.0872575 -0.028439 -0.028439 -0.028439 -0.028439 -0.0170591 -0.0170591 -0.0170591 -0.0170591 0.0731692 0.0731692 0.0731692 0.0731692 -0.10312 -0.10312 -0.10312 -0.10312 -0.0757637 -0.0757637 -0.0757637 -0.0757637 -0.0356329 -0.0356329 -0.0356329 -0.0356329 0.0583606 0.0583606 0.0583606 0.0583606 
400 150 -0.148531 -0.148531 -0.148531 -0.148531 -0.0200847 -0.0200847 -0.0200847 -0.0200847 -0.0135506 -0.0135506 -0.0135506 -0.0135506 0.0724959 0.0724959 0.0724959 0.0724959 -0.160482 -0.160482 -0.160482 -0.160482 -0.0383898 -0.0383898 -0.0383898 -0.0383898 -0.0234144 -0.0234144 -0.0234144 -0.0234144 0.0646401 0.0646401 0.0646401 0.0646401 
400 175 -0.0451479 -0.0451479 -0.0451479 -0.0451479 -0.0223945 -0.0223945 -0.0223945 -0.0223945 -0.00861636 -0.00861636 -0.00861636 -0.00861636 0.0986955 0.0986955 0.0986955 0.0986955 -0.126391 -0.126391 -0.126391 -0.126391 -0.0608611 -0.0608611 -0.0608611 -0.0608611 -0.0328339 -0.0328339 -0.0328339 -0.0328339 0.0976514 0.0976514 0.0976514 0.0976514 
400 200 -0.0509326 -0.0509326 -0.0509326 -0.0509326 -0.0196851 -0.0196851 -0.0196851 -0.0196851 0.0201036 0.0201036 0.0201036 0.0201036 0.175767 0.175767 0.175767 0.175767 -0.104823 -0.104823 -0.104823 -0.104823 -0.0474129 -0.0474129 -0.0474129 -0.0474129 -0.00703501 -0.00703501 -0.00703501 -0.00703501 0.12413 0.12413 0.12413 0.12413 
400 225 -0.0704357 -0.0704357 -0.0704357 -0.0704357 -0.0214293 -0.0214293 -0.0214293 -0.0214293 0.0504587 0.0504587 0.0504587 0.0504587 0.224555 0.224555 0.224555 0.224555 -0.0452951 -0.0452951 -0.0452951 -0.0452951 -0.0337967 -0.0337967 -0.0337967 -0.0337967 0.0348941 0.0348941 0.0348941 0.0348941 0.145999 0.145999 0.145999 0.145999 
400 250 -0.0446512 -0.0446512 -0.0446512 -0.0446512 0.0238681 0.0238681 0.0238681 0.0238681 0.161784 0.161784 0.161784 0.161784 0 0 0 0 -0.105578 -0.105578 -0.105578 -0.105578 0.00666965 0.00666965 0.00666965 0.00666965 0.10319 0.10319 0.10319 0.10319 0.159043 0.159043 0.159043 0.159043 
400 270 -0.0375444 -0.0375444 -0.0375444 -0.0375444 0.106052 0.106052 0.106052 0.106052 0 0 0 0 0 0 0 0 -0.0463631 -0.0463631 -0.0463631 -0.0463631 -0.0470137 -0.0470137 -0.0470137 -0.0470137 -0.0508199 -0.0508199 -0.0508199 -0.0508199 0 0 0 0 
425 0 -0.115274 -0.115274 -0.115274 -0.115274 -0.0303724 -0.0303724 -0.0303724 -0.0303724 -0.0389992 -0.0389992 -0.0389992 -0.0389992 0.0361113 0.0361113 0.0361113 0.0361113 -0.138546 -0.138546 -0.138546 -0.138546 -0.0497099 -0.0497099 -0.0497099 -0.0497099 -0.0631015 -0.0631015 -0.0631015 -0.0631015 0.0282741 0.0282741 0.0282741 0.0282741 
425 25 -0.155819 -0.155819 -0.155819 -0.155819 -0.0511097 -0.0511097 -0.0511097 -0.0511097 -0.0356731 -0.0356731 -0.0356731 -0.0356731 0.0387901 0.0387901 0.0387901 0.0387901 -0.174545 -0.174545 -0.174545 -0.174545 -0.0611719 -0.0611719 -0.0611719 -0.0611719 -0.0727325 -0.0727325 -0.0727325 -0.0727325 0.0224538 0.0224538 0.0224538 0.0224538 
425 50 -0.0773119 -0.0773119 -0.0773119 -0.0773119 -0.0546137 -0.0546137 -0.0546137 -0.0546137 -0.0365981 -0.0365981 -0.0365981 -0.0365981 0.0387551 0.0387551 0.0387551 0.0387551 -0.113258 -0.113258 -0.113258 -0.113258 -0.0632456 -0.0632456 -0.0632456 -0.0632456 -0.0370112 -0.0370112 -0.0370112 -0.0370112 0.0342095 0.0342095 0.0342095 0.0342095 
425 75 -0.0966721 -0.0966721 -0.0966721 -0.0966721 -0.0601484 -0.0601484 -0.0601484 -0.0601484 -0.0236832 -0.0236832 -0.0236832 -0.0236832 0.034534 0.034534 0.034534 0.034534 -0.118637 -0.118637 -0.118637 -0.118637 -0.0746921 -0.0746921 -0.0746921 -0.0746921 -0.0602774 -0.0602774 -0.0602774 -0.0602774 0.0338784 0.0338784 0.0338784 0.0338784 
425 100 -0.138387 -0.138387 -0.138387 -0.138387 -0.0271137 -0.0271137 -0.0271137 -0.0271137 -0.0396651 -0.0396651 -0.0396651 -0.0396651 0.0435008 0.0435008 0.0435008 0.0435008 -0.0974239 -0.0974239 -0.0974239 -0.0974239 -0.0811314 -0.0811314 -0.0811314 -0.0811314 -0.0544939 -0.0544939 -0.0544939 -0.0544939 0.0350368 0.0350368 0.0350368 0.0350368 
425 125 -0.128382 -0.128382 -0.128382 -0.128382 -0.0394104 -0.0394104 -0.0394104 -0.0394104 -0.0147739 -0.0147739 -0.0147739 -0.0147739 0.0545669 0.0545669 0.0545669 0.0545669 -0.118883 -0.118883 -0.118883 -0.118883 -0.0797975 -0.0797975 -0.0797975 -0.0797975 -0.0827793 -0.0827793 -0.0827793 -0.0827793 0.0302285 0.0302285 0.0302285 0.0302285 
425 150 -0.073064 -0.073064 -0.073064 -0.073064 -0.0521143 -0.0521143 -0.0521143 -0.0521143 -0.0294112 -0.0294112 -0.0294112 -0.0294112 0.0410334 0.0410334 0.0410334 0.0410334 -0.141435 -0.141435 -0.141435 -0.141435 -0.0603773 -0.0603773 -0.0603773 -0.0603773 -0.0492373 -0.0492373 -0.0492373 -0.0492373 0.0617293 0.0617293 0.0617293 0.0617293 
425 175 -0.0938431 -0.0938431 -0.0938431 -0.0938431 -0.0394212 -0.0394212 -0.0394212 -0.0394212 -0.0159929 -0.0159929 -0.0159929 -0.0159929 0.0749136 0.0749136 0.0749136 0.0749136 -0.105733 -0.105733 -0.105733 -0.105733 -0.0497832 -0.0497832 -0.0497832 -0.0497832 -0.0565784 -0.0565784 -0.0565784 -0.0565784 0.0605056 0.0605056 0.0605056 0.0605056 
425 200 -0.087233 -0.087233 -0.087233 -0.087233 -0.0580109 -0.0580109 -0.0580109 -0.0580109 -0.0121592 -0.0121592 -0.0121592 -0.0121592 0.105274 0.105274 0.105274 0.105274 -0.092733 -0.092733 -0.092733 -0.092733 -0.0890925 -0.0890925 -0.0890925 -0.0890925 -0.0147604 -0.0147604 -0.0147604 -0.0147604 0.0767552 0.0767552 0.0767552 0.0767552 
425 225 -0.105939 -0.105939 -0.105939 -0.105939 -0.00467045 -0.00467045 -0.00467045 -0.00467045 -0.00203942 -0.00203942 -0.00203942 -0.00203942 0.17207 0.17207 0.17207 0.17207 -0.117504 -0.117504 -0.117504 -0.117504 -0.0507666 -0.0507666 -0.0507666 -0.0507666 -0.00660161 -0.00660161 -0.00660161 -0.00660161 0.101322 0.101322 0.101322 0.101322 
425 250 -0.0663916 -0.0663916 -0.0663916 -0.0663916 -0.0183333 -0.0183333 -0.0183333 -0.0183333 0.0609773 0.0609773 0.0609773 0.0609773 0.192405 0.192405 0.192405 0.192405 -0.144153 -0.144153 -0.144153 -0.144153 -0.0308477 -0.0308477 -0.0308477 -0.0308477 0.0310144 0.0310144 0.0310144 0.0310144 0.19576 0.19576 0.19576 0.19576 
425 275 -0.0396844 -0.0396844 -0.0396844 -0.0396844 0.037185 0.037185 0.037185 0.037185 0.0346481 0.0346481 0.0346481 0.0346481 0 0 0 0 -0.0956015 -0.0956015 -0.0956015 -0.0956015 0.0250302 0.0250302 0.0250302 0.0250302 0.100802 0.100802 0.100802 0.100802 0.16968 0.16968 0.16968 0.16968 
425 295 0.0274192 0.0274192 0.0274192 0.0274192 0.00539362 0.00539362 0.00539362 0.00539362 0 0 0 0 0 0 0 0 -0.157768 -0.157768 -0.157768 -0.157768 0.0445273 0.0445273 0.0445273 0.0445273 0.0985651 0.0985651 0.0985651 0.0985651 0 0 0 0 
450 0 -0.0562789 -0.0562789 -0.0562789 -0.0562789 -0.0297324 -0.0297324 -0.0297324 -0.0297324 -0.0583518 -0.0583518 -0.0583518 -0.0583518 0.0331795 0.0331795 0.0331795 0.0331795 -0.132197 -0.132197 -0.132197 -0.132197 -0.0634532 -0.0634532 -0.0634532 -0.0634532 -0.0575375 -0.0575375 -0.0575375 -0.0575375 0.0327813 0.0327813 0.0327813 0.0327813 
450 25 -0.0977348 -0.0977348 -0.0977348 -0.0977348 -0.0387719 -0.0387719 -0.0387719 -0.0387719 -0.0534014 -0.0534014 -0.0534014 -0.0534014 0.0264533 0.0264533 0.0264533 0.0264533 -0.0803817 -0.0803817 -0.0803817 -0.0803817 -0.0531593 -0.0531593 -0.0531593 -0.0531593 -0.0620714 -0.0620714 -0.0620714 -0.0620714 0.0344243 0.0344243 0.0344243 0.0344243 
450 50 -0.128866 -0.128866 -0.128866 -0.128866 -0.0347624 -0.0347624 -0.0347624 -0.0347624 -0.0430539 -0.0430539 -0.0430539 -0.0430539 0.0383813 0.0383813 0.0383813 0.0383813 -0.160641 -0.160641 -0.160641 -0.160641 -0.0762162 -0.0762162 -0.0762162 -0.0762162 -0.0637213 -0.0637213 -0.0637213 -0.0637213 0.0193412 0.0193412 0.0193412 0.0193412 
450 75 -0.0693368 -0.0693368 -0.0693368 -0.0693368 -0.0378688 -0.0378688 -0.0378688 -0.0378688 -0.0201127 -0.0201127 -0.0201127 -0.0201127 0.031838 0.031838 0.031838 0.031838 -0.0813841 -0.0813841 -0.0813841 -0.0813841 -0.0875952 -0.0875952 -0.0875952 -0.0875952 -0.0488882 -0.0488882 -0.0488882 -0.0488882 0.025009 0.025009 0.025009 0.025009 
450 100 -0.0349199 -0.0349199 -0.0349199 -0.0349199 -0.0483936 -0.0483936 -0.0483936 -0.0483936 -0.0325185 -0.0325185 -0.0325185 -0.0325185 0.0327833 0.0327833 0.0327833 0.0327833 -0.0449078 -0.0449078 -0.0449078 -0.0449078 -0.0451234 -0.0451234 -0.0451234 -0.0451234 -0.0562959 -0.0562959 -0.0562959 -0.0562959 0.027322 0.027322 0.027322 0.027322 
450 125 -0.108785 -0.108785 -0.108785 -0.108785 -0.0386403 -0.0386403 -0.0386403 -0.0386403 -0.0505512 -0.0505512 -0.0505512 -0.0505512 0.0360541 0.0360541 0.0360541 0.0360541 -0.0981155 -0.0981155 -0.0981155 -0.0981155 -0.0682871 -0.0682871 -0.0682871 -0.0682871 -0.0480048 -0.0480048 -0.0480048 -0.0480048 0.0498717 0.0498717 0.0498717 0.0498717 
450 150 -0.163767 -0.163767 -0.163767 -0.163767 -0.0300336 -0.0300336 -0.0300336 -0.0300336 -0.0384743 -0.0384743 -0.0384743 -0.0384743 0.0407972 0.0407972 0.0407972 0.0407972 -0.169569 -0.169569 -0.169569 -0.169569 -0.0636178 -0.0636178 -0.0636178 -0.0636178 -0.0674451 -0.0674451 -0.0674451 -0.0674451 0.0370139 0.0370139 0.0370139 0.0370139 
450 175 -0.0828592 -0.0828592 -0.0828592 -0.0828592 -0.0180395 -0.0180395 -0.0180395 -0.0180395 -0.0455045 -0.0455045 -0.0455045 -0.0455045 0.0582688 0.0582688 0.0582688 0.0582688 -0.105824 -0.105824 -0.105824 -0.105824 -0.0834499 -0.0834499 -0.0834499 -0.0834499 -0.0254014 -0.0254014 -0.0254014 -0.0254014 0.0199897 0.0199897 0.0199897 0.0199897 
450 200 -0.0803139 -0.0803139 -0.0803139 -0.0803139 -0.0388854 -0.0388854 -0.0388854 -0.0388854 -0.0148068 -0.0148068 -0.0148068 -0.0148068 0.0660921 0.0660921 0.0660921 0.0660921 -0.0971279 -0.0971279 -0.0971279 -0.0971279 -0.0586495 -0.0586495 -0.0586495 -0.0586495 -0.0488882 -0.0488882 -0.0488882 -0.0488882 0.0627069 0.0627069 0.0627069 0.0627069 
450 225 -0.122717 -0.122717 -0.122717 -0.122717 -0.0237376 -0.0237376 -0.0237376 -0.0237376 -0.0151218 -0.0151218 -0.0151218 -0.0151218 0.0835566 0.0835566 0.0835566 0.0835566 -0.159537 -0.159537 -0.159537 -0.159537 -0.0602572 -0.0602572 -0.0602572 -0.0602572 -0.0531817 -0.0531817 -0.0531817 -0.0531817 0.101024 0.101024 0.101024 0.101024 
450 250 -0.104174 -0.104174 -0.104174 -0.104174 -0.0319204 -0.0319204 -0.0319204 -0.0319204 0.0127118 0.0127118 0.0127118 0.0127118 0.15019 0.15019 0.15019 0.15019 -0.130748 -0.130748 -0.130748 -0.130748 -0.051787 -0.051787 -0.051787 -0.051787 0.00132074 0.00132074 0.00132074 0.00132074 0.086023 0.086023 0.086023 0.086023 
450 275 -0.0827336 -0.0827336 -0.0827336 -0.0827336 -0.00760635 -0.00760635 -0.00760635 -0.00760635 0.0621511 0.0621511 0.0621511 0.0621511 0.20157 0.20157 0.20157 0.20157 -0.193687 -0.193687 -0.193687 -0.193687 -0.0294352 -0.0294352 -0.0294352 -0.0294352 0.0471775 0.0471775 0.0471775 0.0471775 0.109924 0.109924 0.109924 0.109924 
450 300 -0.0205673 -0.0205673 -0.0205673 -0.0205673 0.0322203 0.0322203 0.0322203 0.0322203 0.116047 0.116047 0.116047 0.116047 0.108414 0.108414 0.108414 0.108414 -0.0664282 -0.0664282 -0.0664282 -0.0664282 0.0158858 0.0158858 0.0158858 0.0158858 0.0494366 0.0494366 0.0494366 0.0494366 0.231002 0.231002 0.231002 0.231002 
450 320 -0.0239399 -0.0239399 -0.0239399 -0.0239399 0.0530348 0.0530348 0.0530348 0.0530348 0 0 0 0 0 0 0 0 -0.00759267 -0.00759267 -0.00759267 -0.00759267 -0.0184961 -0.0184961 -0.0184961 -0.0184961 0.0662415 0.0662415 0.0662415 0.0662415 0 0 0 0 
475 0 -0.0828231 -0.0828231 -0.0828231 -0.0828231 -0.0368625 -0.0368625 -0.0368625 -0.0368625 -0.0589287 -0.0589287 -0.0589287 -0.0589287 0.0237522 0.0237522 0.0237522 0.0237522 -0.174963 -0.174963 -0.174963 -0.174963 -0.0785389 -0.0785389 -0.0785389 -0.0785389 -0.0305836 -0.0305836 -0.0305836 -0.0305836 0.020485 0.020485 0.020485 0.020485 
475 25 -0.0704392 -0.0704392 -0.0704392 -0.0704392 -0.0498326 -0.0498326 -0.0498326 -0.0498326 -0.0671554 -0.0671554 -0.0671554 -0.0671554 0.0328525 0.0328525 0.0328525 0.0328525 -0.193982 -0.193982 -0.193982 -0.193982 -0.0434408 -0.0434408 -0.0434408 -0.0434408 -0.0605125 -0.0605125 -0.0605125 -0.0605125 0.0251707 0.0251707 0.0251707 0.0251707 
475 50 -0.113411 -0.113411 -0.113411 -0.113411 -0.0587987 -0.0587987 -0.0587987 -0.0587987 -0.00239779 -0.00239779 -0.00239779 -0.00239779 0.0193761 0.0193761 0.0193761 0.0193761 -0.0888929 -0.0888929 -0.0888929 -0.0888929 -0.0859316 -0.0859316 -0.0859316 -0.0859316 -0.035803 -0.035803 -0.035803 -0.035803 0.0136045 0.0136045 0.0136045 0.0136045 
475 75 -0.134896 -0.134896 -0.134896 -0.134896 -0.0147244 -0.0147244 -0.0147244 -0.0147244 -0.0631527 -0.0631527 -0.0631527 -0.0631527 0.0351936 0.0351936 0.0351936 0.0351936 -0.143527 -0.143527 -0.143527 -0.143527 -0.0787669 -0.0787669 -0.0787669 -0.0787669 -0.0566871 -0.0566871 -0.0566871 -0.0566871 0.0296299 0.0296299 0.0296299 0.0296299 
475 100 -0.0873633 -0.0873633 -0.0873633 -0.0873633 -0.0266117 -0.0266117 -0.0266117 -0.0266117 -0.0651568 -0.0651568 -0.0651568 -0.0651568 0.0284282 0.0284282 0.0284282 0.0284282 -0.0723365 -0.0723365 -0.0723365 -0.0723365 -0.0581335 -0.0581335 -0.0581335 -0.0581335 -0.0840726 -0.0840726 -0.0840726 -0.0840726 0.0224792 0.0224792 0.0224792 0.0224792 
475 125 -0.0953903 -0.0953903 -0.0953903 -0.0953903 -0.0265509 -0.0265509 -0.0265509 -0.0265509 -0.0579369 -0.0579369 -0.0579369 -0.0579369 0.0278256 0.0278256 0.0278256 0.0278256 -0.171689 -0.171689 -0.171689 -0.171689 -0.0824875 -0.0824875 -0.0824875 -0.0824875 -0.0546434 -0.0546434 -0.0546434 -0.0546434 0.0364037 0.0364037 0.0364037 0.0364037 
475 150 0.0314214 0.0314214 0.0314214 0.0314214 -0.0218944 -0.0218944 -0.0218944 -0.0218944 -0.0607354 -0.0607354 -0.0607354 -0.0607354 0.0322719 0.0322719 0.0322719 0.0322719 -0.0845164 -0.0845164 -0.0845164 -0.0845164 -0.0684253 -0.0684253 -0.0684253 -0.0684253 -0.0596331 -0.0596331 -0.0596331 -0.0596331 0.0232923 0.0232923 0.0232923 0.0232923 
475 175 -0.0723934 -0.0723934 -0.0723934 -0.0723934 -0.0380655 -0.0380655 -0.0380655 -0.0380655 -0.0543583 -0.0543583 -0.0543583 -0.0543583 0.0356473 0.0356473 0.0356473 0.0356473 -0.108437 -0.108437 -0.108437 -0.108437 -0.065279 -0.065279 -0.065279 -0.065279 -0.0511501 -0.0511501 -0.0511501 -0.0511501 0.0315578 0.0315578 0.0315578 0.0315578 
475 200 -0.0877774 -0.0877774 -0.0877774 -0.0877774 -0.0419449 -0.0419449 -0.0419449 -0.0419449 -0.0145227 -0.0145227 -0.0145227 -0.0145227 0.0506685 0.0506685 0.0506685 0.0506685 -0.103579 -0.103579 -0.103579 -0.103579 -0.0704534 -0.0704534 -0.0704534 -0.0704534 -0.0742137 -0.0742137 -0.0742137 -0.0742137 0.0504119 0.0504119 0.0504119 0.0504119 
475 225 -0.103565 -0.103565 -0.103565 -0.103565 -0.0275548 -0.0275548 -0.0275548 -0.0275548 -0.0491095 -0.0491095 -0.0491095 -0.0491095 0.0678323 0.0678323 0.0678323 0.0678323 -0.170566 -0.170566 -0.170566 -0.170566 -0.0425233 -0.0425233 -0.0425233 -0.0425233 -0.0532963 -0.0532963 -0.0532963 -0.0532963 0.0604496 0.0604496 0.0604496 0.0604496 
475 250 -0.0555437 -0.0555437 -0.0555437 -0.0555437 -0.0387352 -0.0387352 -0.0387352 -0.0387352 -0.0281685 -0.0281685 -0.0281685 -0.0281685 0.0822989 0.0822989 0.0822989 0.0822989 -0.141095 -0.141095 -0.141095 -0.141095 -0.0666169 -0.0666169 -0.0666169 -0.0666169 -0.0536727 -0.0536727 -0.0536727 -0.0536727 0.0729468 0.0729468 0.0729468 0.0729468 
475 275 -0.103721 -0.103721 -0.103721 -0.103721 -0.0252349 -0.0252349 -0.0252349 -0.0252349 -0.0101939 -0.0101939 -0.0101939 -0.0101939 0.128533 0.128533 0.128533 0.128533 -0.157799 -0.157799 -0.157799 -0.157799 -0.0616077 -0.0616077 -0.0616077 -0.0616077 -0.0381159 -0.0381159 -0.0381159 -0.0381159 0.0861544 0.0861544 0.0861544 0.0861544 
475 300 -0.0894284 -0.0894284 -0.0894284 -0.0894284 -0.00560358 -0.00560358 -0.00560358 -0.00560358 0.0321536 0.0321536 0.0321536 0.0321536 0.199229 0.199229 0.199229 0.199229 -0.150156 -0.150156 -0.150156 -0.150156 -0.0322774 -0.0322774 -0.0322774 -0.0322774 0.0283266 0.0283266 0.0283266 0.0283266 0.188346 0.188346 0.188346 0.188346 
475 325 -0.0386996 -0.0386996 -0.0386996 -0.0386996 0.0132362 0.0132362 0.0132362 0.0132362 0.115888 0.115888 0.115888 0.115888 0.352365 0.352365 0.352365 0.352365 -0.150567 -0.150567 -0.150567 -0.150567 -0.00335053 -0.00335053 -0.00335053 -0.00335053 0.0804283 0.0804283 0.0804283 0.0804283 0.152311 0.152311 0.152311 0.152311 
475 345 -0.0522477 -0.0522477 -0.0522477 -0.0522477 0.0859394 0.0859394 0.0859394 0.0859394 0.0483076 0.0483076 0.0483076 0.0483076 0 0 0 0 -0.157937 -0.157937 -0.157937 -0.157937 0.00733018 0.00733018 0.00733018 0.00733018 -0.0160298 -0.0160298 -0.0160298 -0.0160298 0 0 0 0 
500 0 -0.0692836 -0.0692836 -0.0692836 -0.0692836 -0.0339551 -0.0339551 -0.0339551 -0.0339551 -0.0571826 -0.0571826 -0.0571826 -0.0571826 0.0197035 0.0197035 0.0197035 0.0197035 -0.135076 -0.135076 -0.135076 -0.135076 -0.0587858 -0.0587858 -0.0587858 -0.0587858 -0.0793224 -0.0793224 -0.0793224 -0.0793224 0.0207961 0.0207961 0.0207961 0.0207961 
500 25 -0.0863246 -0.0863246 -0.0863246 -0.0863246 -0.0249975 -0.0249975 -0.0249975 -0.0249975 -0.0578261 -0.0578261 -0.0578261 -0.0578261 0.0168395 0.0168395 0.0168395 0.0168395 -0.0537934 -0.0537934 -0.0537934 -0.0537934 -0.0473805 -0.0473805 -0.0473805 -0.0473805 -0.0517775 -0.0517775 -0.0517775 -0.0517775 0.0153062 0.0153062 0.0153062 0.0153062 
500 50 -0.10531 -0.10531 -0.10531 -0.10531 -0.0457485 -0.0457485 -0.0457485 -0.0457485 -0.0371119 -0.0371119 -0.0371119 -0.0371119 0.0269343 0.0269343 0.0269343 0.0269343 -0.115808 -0.115808 -0.115808 -0.115808 -0.0374222 -0.0374222 -0.0374222 -0.0374222 -0.0798406 -0.0798406 -0.0798406 -0.0798406 0.0180499 0.0180499 0.0180499 0.0180499 
500 75 -0.0828885 -0.0828885 -0.0828885 -0.0828885 -0.0494807 -0.0494807 -0.0494807 -0.0494807 -0.0530013 -0.0530013 -0.0530013 -0.0530013 0.0269376 0.0269376 0.0269376 0.0269376 -0.161209 -0.161209 -0.161209 -0.161209 -0.0746482 -0.0746482 -0.0746482 -0.0746482 -0.0594927 -0.0594927 -0.0594927 -0.0594927 0.0286359 0.0286359 0.0286359 0.0286359 
500 100 -0.0588198 -0.0588198 -0.0588198 -0.0588198 -0.0398053 -0.0398053 -0.0398053 -0.0398053 -0.0413283 -0.0413283 -0.0413283 -0.0413283 0.0324535 0.0324535 0.0324535 0.0324535 -0.245795 -0.245795 -0.245795 -0.245795 -0.0739543 -0.0739543 -0.0739543 -0.0739543 -0.0542735 -0.0542735 -0.0542735 -0.0542735 0.0155018 0.0155018 0.0155018 0.0155018 
500 125 -0.072781 -0.072781 -0.072781 -0.072781 -0.0349576 -0.0349576 -0.0349576 -0.0349576 -0.0485222 -0.0485222 -0.0485222 -0.0485222 0.0309695 0.0309695 0.0309695 0.0309695 -0.146401 -0.146401 -0.146401 -0.146401 -0.0604512 -0.0604512 -0.0604512 -0.0604512 -0.070972 -0.070972 -0.070972 -0.070972 0.0290352 0.0290352 0.0290352 0.0290352 
500 150 -0.116288 -0.116288 -0.116288 -0.116288 -0.0442141 -0.0442141 -0.0442141 -0.0442141 -0.0347808 -0.0347808 -0.0347808 -0.0347808 0.0253837 0.0253837 0.0253837 0.0253837 -0.154429 -0.154429 -0.154429 -0.154429 -0.0919193 -0.0919193 -0.0919193 -0.0919193 -0.0608217 -0.0608217 -0.0608217 -0.0608217 0.0241984 0.0241984 0.0241984 0.0241984 
500 175 -0.0943679 -0.0943679 -0.0943679 -0.0943679 -0.0325946 -0.0325946 -0.0325946 -0.0325946 -0.039337 -0.039337 -0.039337 -0.039337 0.0247862 0.0247862 0.0247862 0.0247862 -0.0881713 -0.0881713 -0.0881713 -0.0881713 -0.0375083 -0.0375083 -0.0375083 -0.0375083 -0.0785486 -0.0785486 -0.0785486 -0.0785486 0.0239578 0.0239578 0.0239578 0.0239578 
500 200 -0.119674 -0.119674 -0.119674 -0.119674 -0.0508682 -0.0508682 -0.0508682 -0.0508682 -0.0530165 -0.0530165 -0.0530165 -0.0530165 0.0386979 0.0386979 0.0386979 0.0386979 -0.0790413 -0.0790413 -0.0790413 -0.0790413 -0.071321 -0.071321 -0.071321 -0.071321 -0.0537019 -0.0537019 -0.0537019 -0.0537019 0.0266258 0.0266258 0.0266258 0.0266258 
500 225 -0.0897199 -0.0897199 -0.0897199 -0.0897199 -0.0426722 -0.0426722 -0.0426722 -0.0426722 -0.017233 -0.017233 -0.017233 -0.017233 0.0443683 0.0443683 0.0443683 0.0443683 -0.189502 -0.189502 -0.189502 -0.189502 -0.0666534 -0.0666534 -0.0666534 -0.0666534 -0.0695357 -0.0695357 -0.0695357 -0.0695357 0.0121853 0.0121853 0.0121853 0.0121853 
500 250 -0.0894761 -0.0894761 -0.0894761 -0.0894761 -0.0403049 -0.0403049 -0.0403049 -0.0403049 -0.0513866 -0.0513866 -0.0513866 -0.0513866 0.0581767 0.0581767 0.0581767 0.0581767 -0.121542 -0.121542 -0.121542 -0.121542 -0.0405486 -0.0405486 -0.0405486 -0.0405486 -0.0704733 -0.0704733 -0.0704733 -0.0704733 0.0502569 0.0502569 0.0502569 0.0502569 
500 275 -0.131518 -0.131518 -0.131518 -0.131518 -0.0189999 -0.0189999 -0.0189999 -0.0189999 -0.0531892 -0.0531892 -0.0531892 -0.0531892 0.0790979 0.0790979 0.0790979 0.0790979 -0.0849176 -0.0849176 -0.0849176 -0.0849176 -0.0632521 -0.0632521 -0.0632521 -0.0632521 -0.0578771 -0.0578771 -0.0578771 -0.0578771 0.0765869 0.0765869 0.0765869 0.0765869 
500 300 -0.0959402 -0.0959402 -0.0959402 -0.0959402 -0.0143331 -0.0143331 -0.0143331 -0.0143331 0.0119815 0.0119815 0.0119815 0.0119815 0.100318 0.100318 0.100318 0.100318 -0.190288 -0.190288 -0.190288 -0.190288 -0.0383956 -0.0383956 -0.0383956 -0.0383956 -0.0438632 -0.0438632 -0.0438632 -0.0438632 0.0989526 0.0989526 0.0989526 0.0989526 
500 325 -0.100585 -0.100585 -0.100585 -0.100585 -0.00859893 -0.00859893 -0.00859893 -0.00859893 0.0453221 0.0453221 0.0453221 0.0453221 0.157094 0.157094 0.157094 0.157094 -0.12115 -0.12115 -0.12115 -0.12115 -0.0630425 -0.0630425 -0.0630425 -0.0630425 0.0611584 0.0611584 0.0611584 0.0611584 0.100631 0.100631 0.100631 0.100631 
500 350 -0.0919316 -0.0919316 -0.0919316 -0.0919316 0.0733231 0.0733231 0.0733231 0.0733231 0.146653 0.146653 0.146653 0.146653 0.307091 0.307091 0.307091 0.307091 -0.168977 -0.168977 -0.168977 -0.168977 0.000132283 0.000132283 0.000132283 0.000132283 0.0388352 0.0388352 0.0388352 0.0388352 0.18978 0.18978 0.18978 0.18978 
500 370 -0.0461306 -0.0461306 -0.0461306 -0.0461306 0.0660907 0.0660907 0.0660907 0.0660907 0 0 0 0 0 0 0 0 -0.135948 -0.135948 -0.135948 -0.135948 -0.0411009 -0.0411009 -0.0411009 -0.0411009 0.0458954 0.0458954 0.0458954 0.0458954 -0.0510501 -0.0510501 -0.0510501 -0.0510501 
