130 0 0 0 0 0 0 0 0 0 0 0 0 0 0 0 0 0 0 0 0 0 0 0 0 0 0 0 0 0 0 0 0 0 
150 0 0 0 0 0 0 0 0 0 0 0 0 0 0 0 0 0 0.0756168 0.0756168 0.0756168 0.0756168 0 0 0 0 0 0 0 0 0 0 0 0 
175 0 0.0394933 0.0394933 0.0394933 0.0394933 0.212338 0.212338 0.212338 0.212338 0 0 0 0 0 0 0 0 0.0823974 0.0823974 0.0823974 0.0823974 0.171481 0.171481 0.171481 0.171481 0 0 0 0 0 0 0 0 
200 0 -0.00922532 -0.00922532 -0.00922532 -0.00922532 0.0914331 0.0914331 0.0914331 0.0914331 0.312403 0.312403 0.312403 0.312403 0 0 0 0 -0.033255 -0.033255 -0.033255 -0.033255 0.108962 0.108962 0.108962 0.108962 0.23236 0.23236 0.23236 0.23236 0 0 0 0 
225 0 -0.0694272 -0.0694272 -0.0694272 -0.0694272 0.0523265 0.0523265 0.0523265 0.0523265 0.176804 0.176804 0.176804 0.176804 0.231212 0.231212 0.231212 0.231212 -0.0863926 -0.0863926 -0.0863926 -0.0863926 0.0385265 0.0385265 0.0385265 0.0385265 0.208036 0.208036 0.208036 0.208036 0.536334 0.536334 0.536334 0.536334 
250 0 -0.112512 -0.112512 -0.112512 -0.112512 -0.00439215 -0.00439215 -0.00439215 -0.00439215 0.0941164 0.0941164 0.0941164 0.0941164 0.309893 0.309893 0.309893 0.309893 -0.0708679 -0.0708679 -0.0708679 -0.0708679 -0.00010185 -0.00010185 -0.00010185 -0.00010185 0.135682 0.135682 0.135682 0.135682 0.280361 0.280361 0.280361 0.280361 
275 0 -0.0910421 -0.0910421 -0.0910421 -0.0910421 -0.0286108 -0.0286108 -0.0286108 -0.0286108 0.075501 0.075501 0.075501 0.075501 0.162869 0.162869 0.162869 0.162869 -0.132822 -0.132822 -0.132822 -0.132822 -0.0422167 -0.0422167 -0.0422167 -0.0422167 0.0545929 0.0545929 0.0545929 0.0545929 0.192904 0.192904 0.192904 0.192904 
300 0 -0.1044 -0.1044 -0.1044 -0.1044 -0.0362881 -0.0362881 -0.0362881 -0.0362881 -0.00472094 -0.00472094 -0.00472094 -0.00472094 0.144147 0.144147 0.144147 0.144147 -0.107978 -0.107978 -0.107978 -0.107978 -0.0445737 -0.0445737 -0.0445737 -0.0445737 0.00114363 0.00114363 0.00114363 0.00114363 0.147922 0.147922 0.147922 0.147922 
325 0 -0.118537 -0.118537 -0.118537 -0.118537 -0.0460083 -0.0460083 -0.0460083 -0.0460083 -0.0234536 -0.0234536 -0.0234536 -0.0234536 0.0945311 0.0945311 0.0945311 0.0945311 -0.0588413 -0.0588413 -0.0588413 -0.0588413 -0.071474 -0.071474 -0.071474 -0.071474 -0.033111 -0.033111 -0.033111 -0.033111 0.104166 0.104166 0.104166 0.104166 
350 0 -0.0961235 -0.0961235 -0.0961235 -0.0961235 -0.0849063 -0.0849063 -0.0849063 -0.0849063 -0.045307 -0.045307 -0.045307 -0.045307 0.0980743 0.0980743 0.0980743 0.0980743 -0.112386 -0.112386 -0.112386 -0.112386 -0.0583935 -0.0583935 -0.0583935 -0.0583935 -0.0282705 -0.0282705 -0.0282705 -0.0282705 0.0778675 0.0778675 0.0778675 0.0778675 
375 0 -0.061542 -0.061542 -0.061542 -0.061542 -0.0436965 -0.0436965 -0.0436965 -0.0436965 -0.0677425 -0.0677425 -0.0677425 -0.0677425 0.0636308 0.0636308 0.0636308 0.0636308 -0.0860702 -0.0860702 -0.0860702 -0.0860702 -0.0516483 -0.0516483 -0.0516483 -0.0516483 -0.0647678 -0.0647678 -0.0647678 -0.0647678 0.0660396 0.0660396 0.0660396 0.0660396 
400 0 -0.0982258 -0.0982258 -0.0982258 -0.0982258 -0.0686752 -0.0686752 -0.0686752 -0.0686752 -0.0653586 -0.0653586 -0.0653586 -0.0653586 0.0329206 0.0329206 0.0329206 0.0329206 -0.196506 -0.196506 -0.196506 -0.196506 -0.0635678 -0.0635678 -0.0635678 -0.0635678 -0.0817042 -0.0817042 -0.0817042 -0.0817042 0.0629821 0.0629821 0.0629821 0.0629821 
425 0 -0.111249 -0.111249 -0.111249 -0.111249 -0.0658817 -0.0658817 -0.0658817 -0.0658817 -0.0675938 -0.0675938 -0.0675938 -0.0675938 0.0283606 0.0283606 0.0283606 0.0283606 -0.153843 -0.153843 -0.153843 -0.153843 -0.0729674 -0.0729674 -0.0729674 -0.0729674 -0.0503757 -0.0503757 -0.0503757 -0.0503757 0.0247922 0.0247922 0.0247922 0.0247922 
450 0 -0.0792731 -0.0792731 -0.0792731 -0.0792731 -0.0620226 -0.0620226 -0.0620226 -0.0620226 -0.0813068 -0.0813068 -0.0813068 -0.0813068 0.0176444 0.0176444 0.0176444 0.0176444 -0.0702026 -0.0702026 -0.0702026 -0.0702026 -0.0662283 -0.0662283 -0.0662283 -0.0662283 -0.0764572 -0.0764572 -0.0764572 -0.0764572 0.0397992 0.0397992 0.0397992 0.0397992 
475 0 -0.0218685 -0.0218685 -0.0218685 -0.0218685 -0.0764078 -0.0764078 -0.0764078 -0.0764078 -0.0673703 -0.0673703 -0.0673703 -0.0673703 0.000935182 0.000935182 0.000935182 0.000935182 -0.140686 -0.140686 -0.140686 -0.140686 -0.0456187 -0.0456187 -0.0456187 -0.0456187 -0.0761514 -0.0761514 -0.0761514 -0.0761514 0.0258333 0.0258333 0.0258333 0.0258333 
500 0 -0.0622172 -0.0622172 -0.0622172 -0.0622172 -0.0630526 -0.0630526 -0.0630526 -0.0630526 -0.071309 -0.071309 -0.071309 -0.071309 0.00403952 0.00403952 0.00403952 0.00403952 -0.0644758 -0.0644758 -0.0644758 -0.0644758 -0.0852205 -0.0852205 -0.0852205 -0.0852205 -0.0619337 -0.0619337 -0.0619337 -0.0619337 0.0228159 0.0228159 0.0228159 0.0228159 
