150 0 -0.0117915 -0.0117915 -0.0117915 -0.0117915 0 0 0 0 0 0 0 0 0 0 0 0 0.009016 0.009016 0.009016 0.009016 0.00236423 0.00236423 0.00236423 0.00236423 0 0 0 0 0 0 0 0 
175 0 0.0136899 0.0136899 0.0136899 0.0136899 0.00879497 0.00879497 0.00879497 0.00879497 0.0149777 0.0149777 0.0149777 0.0149777 0 0 0 0 0.00174847 0.00174847 0.00174847 0.00174847 -0.000507777 -0.000507777 -0.000507777 -0.000507777 0.0166396 0.0166396 0.0166396 0.0166396 0 0 0 0 
200 0 0.00932464 0.00932464 0.00932464 0.00932464 0.0110813 0.0110813 0.0110813 0.0110813 0.0153099 0.0153099 0.0153099 0.0153099 0 0 0 0 0.00200753 0.00200753 0.00200753 0.00200753 0.000469191 0.000469191 0.000469191 0.000469191 0.00932049 0.00932049 0.00932049 0.00932049 0.0102515 0.0102515 0.0102515 0.0102515 
225 0 0.00742721 0.00742721 0.00742721 0.00742721 0.00711729 0.00711729 0.00711729 0.00711729 0.00902463 0.00902463 0.00902463 0.00902463 0.0168785 0.0168785 0.0168785 0.0168785 0.00190411 0.00190411 0.00190411 0.00190411 0.000921583 0.000921583 0.000921583 0.000921583 0.00395714 0.00395714 0.00395714 0.00395714 0.00328383 0.00328383 0.00328383 0.00328383 
250 0 0.00839923 0.00839923 0.00839923 0.00839923 0.00251345 0.00251345 0.00251345 0.00251345 0.00522432 0.00522432 0.00522432 0.00522432 0.0227237 0.0227237 0.0227237 0.0227237 0.00140258 0.00140258 0.00140258 0.00140258 0.00190073 0.00190073 0.00190073 0.00190073 0.00414939 0.00414939 0.00414939 0.00414939 0.0022723 0.0022723 0.0022723 0.0022723 
275 0 0.00135019 0.00135019 0.00135019 0.00135019 0.00654685 0.00654685 0.00654685 0.00654685 0.00284 0.00284 0.00284 0.00284 0.000359858 0.000359858 0.000359858 0.000359858 0.00484023 0.00484023 0.00484023 0.00484023 0.00273994 0.00273994 0.00273994 0.00273994 0.00334708 0.00334708 0.00334708 0.00334708 0.00534032 0.00534032 0.00534032 0.00534032 
300 0 0.00924547 0.00924547 0.00924547 0.00924547 0.00524876 0.00524876 0.00524876 0.00524876 0.00606675 0.00606675 0.00606675 0.00606675 0.00531757 0.00531757 0.00531757 0.00531757 0.00494238 0.00494238 0.00494238 0.00494238 0.00420506 0.00420506 0.00420506 0.00420506 0.00475788 0.00475788 0.00475788 0.00475788 0.00257823 0.00257823 0.00257823 0.00257823 
325 0 0.00318037 0.00318037 0.00318037 0.00318037 0.00710767 0.00710767 0.00710767 0.00710767 0.00765419 0.00765419 0.00765419 0.00765419 0.000657747 0.000657747 0.000657747 0.000657747 0.00227252 0.00227252 0.00227252 0.00227252 0.00247964 0.00247964 0.00247964 0.00247964 0.00392357 0.00392357 0.00392357 0.00392357 0.00208893 0.00208893 0.00208893 0.00208893 
350 0 0.00087611 0.00087611 0.00087611 0.00087611 0.00441945 0.00441945 0.00441945 0.00441945 0.00672974 0.00672974 0.00672974 0.00672974 0.00503846 0.00503846 0.00503846 0.00503846 0.0027552 0.0027552 0.0027552 0.0027552 0.00623145 0.00623145 0.00623145 0.00623145 0.00378367 0.00378367 0.00378367 0.00378367 0.00618827 0.00618827 0.00618827 0.00618827 
375 0 0.00678706 0.00678706 0.00678706 0.00678706 0.000898913 0.000898913 0.000898913 0.000898913 0.00100107 0.00100107 0.00100107 0.00100107 0.00304981 0.00304981 0.00304981 0.00304981 -0.00161606 -0.00161606 -0.00161606 -0.00161606 0.000226861 0.000226861 0.000226861 0.000226861 0.00436387 0.00436387 0.00436387 0.00436387 0.00238472 0.00238472 0.00238472 0.00238472 
400 0 6.18076e-05 6.18076e-05 6.18076e-05 6.18076e-05 0.00796625 0.00796625 0.00796625 0.00796625 0.00473147 0.00473147 0.00473147 0.00473147 0.00556072 0.00556072 0.00556072 0.00556072 0.0067913 0.0067913 0.0067913 0.0067913 0.00332785 0.00332785 0.00332785 0.00332785 0.00536777 0.00536777 0.00536777 0.00536777 0.00408878 0.00408878 0.00408878 0.00408878 
425 0 0.0104739 0.0104739 0.0104739 0.0104739 0.0093172 0.0093172 0.0093172 0.0093172 0.00659372 0.00659372 0.00659372 0.00659372 0.00489623 0.00489623 0.00489623 0.00489623 -0.00928075 -0.00928075 -0.00928075 -0.00928075 0.0012437 0.0012437 0.0012437 0.0012437 0.000985365 0.000985365 0.000985365 0.000985365 0.0048535 0.0048535 0.0048535 0.0048535 
450 0 0.00885902 0.00885902 0.00885902 0.00885902 0.00529587 0.00529587 0.00529587 0.00529587 0.00602708 0.00602708 0.00602708 0.00602708 0.00407704 0.00407704 0.00407704 0.00407704 0.0011601 0.0011601 0.0011601 0.0011601 0.00592334 0.00592334 0.00592334 0.00592334 0.00831093 0.00831093 0.00831093 0.00831093 0.00234959 0.00234959 0.00234959 0.00234959 
475 0 -0.000751396 -0.000751396 -0.000751396 -0.000751396 0.007736 0.007736 0.007736 0.007736 0.00661053 0.00661053 0.00661053 0.00661053 0.00597754 0.00597754 0.00597754 0.00597754 0.000694085 0.000694085 0.000694085 0.000694085 0.00243745 0.00243745 0.00243745 0.00243745 0.00271926 0.00271926 0.00271926 0.00271926 0.00419813 0.00419813 0.00419813 0.00419813 
500 0 0.0151072 0.0151072 0.0151072 0.0151072 0.00751739 0.00751739 0.00751739 0.00751739 0.00825218 0.00825218 0.00825218 0.00825218 0.00550705 0.00550705 0.00550705 0.00550705 0.000167566 0.000167566 0.000167566 0.000167566 0.0116424 0.0116424 0.0116424 0.0116424 0.0133154 0.0133154 0.0133154 0.0133154 0.00654692 0.00654692 0.00654692 0.00654692 
