130 0 0 0 0 0 0 0 0 0 0 0 0 0 0 0 0 0 0 0 0 0 0 0 0 0 0 0 0 0 0 0 0 0 
150 0 0 0 0 0 0 0 0 0 0 0 0 0 0 0 0 0 0.0224495 0.0224495 0.0224495 0.0224495 0 0 0 0 0 0 0 0 0 0 0 0 
175 0 -0.0201979 -0.0201979 -0.0201979 -0.0201979 0.00575441 0.00575441 0.00575441 0.00575441 0 0 0 0 0 0 0 0 -5.0528e-05 -5.0528e-05 -5.0528e-05 -5.0528e-05 0.053868 0.053868 0.053868 0.053868 0 0 0 0 0 0 0 0 
200 0 -0.0265534 -0.0265534 -0.0265534 -0.0265534 -0.00775929 -0.00775929 -0.00775929 -0.00775929 0.0334062 0.0334062 0.0334062 0.0334062 0 0 0 0 0.0128731 0.0128731 0.0128731 0.0128731 0.0194396 0.0194396 0.0194396 0.0194396 0.0113414 0.0113414 0.0113414 0.0113414 0 0 0 0 
225 0 -0.02341 -0.02341 -0.02341 -0.02341 -0.0151513 -0.0151513 -0.0151513 -0.0151513 -0.0201841 -0.0201841 -0.0201841 -0.0201841 -0.033277 -0.033277 -0.033277 -0.033277 0.00665237 0.00665237 0.00665237 0.00665237 0.013328 0.013328 0.013328 0.013328 -0.00161563 -0.00161563 -0.00161563 -0.00161563 0.0545516 0.0545516 0.0545516 0.0545516 
250 0 -0.0397868 -0.0397868 -0.0397868 -0.0397868 -0.0196218 -0.0196218 -0.0196218 -0.0196218 -0.0136484 -0.0136484 -0.0136484 -0.0136484 -0.0800461 -0.0800461 -0.0800461 -0.0800461 0.0183142 0.0183142 0.0183142 0.0183142 0.00411414 0.00411414 0.00411414 0.00411414 0.00175141 0.00175141 0.00175141 0.00175141 -0.0344353 -0.0344353 -0.0344353 -0.0344353 
275 0 -0.0239778 -0.0239778 -0.0239778 -0.0239778 -0.0143435 -0.0143435 -0.0143435 -0.0143435 -0.0216876 -0.0216876 -0.0216876 -0.0216876 -0.0181786 -0.0181786 -0.0181786 -0.0181786 -0.010597 -0.010597 -0.010597 -0.010597 0.0159417 0.0159417 0.0159417 0.0159417 -0.00312654 -0.00312654 -0.00312654 -0.00312654 0.0211066 0.0211066 0.0211066 0.0211066 
300 0 -0.0184801 -0.0184801 -0.0184801 -0.0184801 -0.0329126 -0.0329126 -0.0329126 -0.0329126 -0.0118422 -0.0118422 -0.0118422 -0.0118422 -0.01152 -0.01152 -0.01152 -0.01152 0.00302016 0.00302016 0.00302016 0.00302016 0.00819201 0.00819201 0.00819201 0.00819201 0.00493324 0.00493324 0.00493324 0.00493324 -0.0057335 -0.0057335 -0.0057335 -0.0057335 
325 0 -0.0241852 -0.0241852 -0.0241852 -0.0241852 -0.0168183 -0.0168183 -0.0168183 -0.0168183 -0.0176624 -0.0176624 -0.0176624 -0.0176624 -0.0164488 -0.0164488 -0.0164488 -0.0164488 0.00917754 0.00917754 0.00917754 0.00917754 0.00930099 0.00930099 0.00930099 0.00930099 -0.00876396 -0.00876396 -0.00876396 -0.00876396 0.0165166 0.0165166 0.0165166 0.0165166 
350 0 -0.00959971 -0.00959971 -0.00959971 -0.00959971 -0.0179171 -0.0179171 -0.0179171 -0.0179171 -0.0201779 -0.0201779 -0.0201779 -0.0201779 -0.0114268 -0.0114268 -0.0114268 -0.0114268 0.00335311 0.00335311 0.00335311 0.00335311 0.00133279 0.00133279 0.00133279 0.00133279 0.00498841 0.00498841 0.00498841 0.00498841 0.0104381 0.0104381 0.0104381 0.0104381 
375 0 -0.0271216 -0.0271216 -0.0271216 -0.0271216 -0.017339 -0.017339 -0.017339 -0.017339 -0.0144699 -0.0144699 -0.0144699 -0.0144699 -0.0313286 -0.0313286 -0.0313286 -0.0313286 0.0206812 0.0206812 0.0206812 0.0206812 0.021291 0.021291 0.021291 0.021291 0.0179882 0.0179882 0.0179882 0.0179882 0.00786082 0.00786082 0.00786082 0.00786082 
400 0 -0.029719 -0.029719 -0.029719 -0.029719 -0.0185413 -0.0185413 -0.0185413 -0.0185413 -0.025271 -0.025271 -0.025271 -0.025271 -0.0097644 -0.0097644 -0.0097644 -0.0097644 -0.00333389 -0.00333389 -0.00333389 -0.00333389 -0.00674307 -0.00674307 -0.00674307 -0.00674307 0.0255297 0.0255297 0.0255297 0.0255297 0.00611385 0.00611385 0.00611385 0.00611385 
425 0 -0.050942 -0.050942 -0.050942 -0.050942 -0.008598 -0.008598 -0.008598 -0.008598 -0.0150336 -0.0150336 -0.0150336 -0.0150336 -0.0212046 -0.0212046 -0.0212046 -0.0212046 0.0146168 0.0146168 0.0146168 0.0146168 0.0273512 0.0273512 0.0273512 0.0273512 0.00716158 0.00716158 0.00716158 0.00716158 0.00996782 0.00996782 0.00996782 0.00996782 
450 0 -0.00377874 -0.00377874 -0.00377874 -0.00377874 -0.0175636 -0.0175636 -0.0175636 -0.0175636 -0.0153007 -0.0153007 -0.0153007 -0.0153007 -0.0191081 -0.0191081 -0.0191081 -0.0191081 0.000344085 0.000344085 0.000344085 0.000344085 0.028484 0.028484 0.028484 0.028484 -0.00773218 -0.00773218 -0.00773218 -0.00773218 0.00153418 0.00153418 0.00153418 0.00153418 
475 0 -0.0510977 -0.0510977 -0.0510977 -0.0510977 -0.0110612 -0.0110612 -0.0110612 -0.0110612 -0.0204926 -0.0204926 -0.0204926 -0.0204926 -0.013813 -0.013813 -0.013813 -0.013813 -0.00333331 -0.00333331 -0.00333331 -0.00333331 0.00425414 0.00425414 0.00425414 0.00425414 0.0172646 0.0172646 0.0172646 0.0172646 0.00516174 0.00516174 0.00516174 0.00516174 
500 0 -0.019218 -0.019218 -0.019218 -0.019218 -0.0155076 -0.0155076 -0.0155076 -0.0155076 -0.0135392 -0.0135392 -0.0135392 -0.0135392 -0.0210508 -0.0210508 -0.0210508 -0.0210508 0.00631135 0.00631135 0.00631135 0.00631135 0.0203472 0.0203472 0.0203472 0.0203472 0.00740178 0.00740178 0.00740178 0.00740178 0.00761217 0.00761217 0.00761217 0.00761217 
