130 0 0 0 0 0 0 0 0 0 0 0 0 0 0 0 0 0 0 0 0 0 0 0 0 0 0 0 0 0 0 0 0 0 
150 0 -0.0599915 -0.0599915 -0.0599915 -0.0599915 0 0 0 0 0 0 0 0 0 0 0 0 0.150356 0.150356 0.150356 0.150356 0.0417222 0.0417222 0.0417222 0.0417222 0 0 0 0 0 0 0 0 
150 20 0 0 0 0 0 0 0 0 0 0 0 0 0 0 0 0 0 0 0 0 0 0 0 0 0 0 0 0 0 0 0 0 
175 0 -0.0234911 -0.0234911 -0.0234911 -0.0234911 -0.0565522 -0.0565522 -0.0565522 -0.0565522 0 0 0 0 0 0 0 0 0.00374859 0.00374859 0.00374859 0.00374859 0.0492664 0.0492664 0.0492664 0.0492664 0 0 0 0 0 0 0 0 
175 25 -0.000827216 -0.000827216 -0.000827216 -0.000827216 -0.0604082 -0.0604082 -0.0604082 -0.0604082 0 0 0 0 0 0 0 0 0.0241937 0.0241937 0.0241937 0.0241937 -0.000319332 -0.000319332 -0.000319332 -0.000319332 0 0 0 0 0 0 0 0 
175 45 0 0 0 0 0 0 0 0 0 0 0 0 0 0 0 0 0.0091031 0.0091031 0.0091031 0.0091031 0.049165 0.049165 0.049165 0.049165 0 0 0 0 0 0 0 0 
200 0 -0.0169935 -0.0169935 -0.0169935 -0.0169935 -0.0367239 -0.0367239 -0.0367239 -0.0367239 -0.0143934 -0.0143934 -0.0143934 -0.0143934 0 0 0 0 0.00155585 0.00155585 0.00155585 0.00155585 -0.00529774 -0.00529774 -0.00529774 -0.00529774 0.033309 0.033309 0.033309 0.033309 0 0 0 0 
200 25 -0.0434297 -0.0434297 -0.0434297 -0.0434297 -0.013036 -0.013036 -0.013036 -0.013036 -0.0306325 -0.0306325 -0.0306325 -0.0306325 0 0 0 0 0.00697243 0.00697243 0.00697243 0.00697243 0.0053392 0.0053392 0.0053392 0.0053392 -0.00725368 -0.00725368 -0.00725368 -0.00725368 0 0 0 0 
200 50 -0.0220065 -0.0220065 -0.0220065 -0.0220065 0.00980155 0.00980155 0.00980155 0.00980155 0 0 0 0 0 0 0 0 -0.0166737 -0.0166737 -0.0166737 -0.0166737 0.0204806 0.0204806 0.0204806 0.0204806 0.0373438 0.0373438 0.0373438 0.0373438 0 0 0 0 
200 70 -0.00336913 -0.00336913 -0.00336913 -0.00336913 0 0 0 0 0 0 0 0 0 0 0 0 -0.00889706 -0.00889706 -0.00889706 -0.00889706 0.104764 0.104764 0.104764 0.104764 0 0 0 0 0 0 0 0 
225 0 -0.0196965 -0.0196965 -0.0196965 -0.0196965 -0.0222243 -0.0222243 -0.0222243 -0.0222243 -0.0311323 -0.0311323 -0.0311323 -0.0311323 -0.00363782 -0.00363782 -0.00363782 -0.00363782 -0.00424316 -0.00424316 -0.00424316 -0.00424316 0.00559583 0.00559583 0.00559583 0.00559583 -0.00164408 -0.00164408 -0.00164408 -0.00164408 -0.0169937 -0.0169937 -0.0169937 -0.0169937 
225 25 -0.00743892 -0.00743892 -0.00743892 -0.00743892 -0.0291319 -0.0291319 -0.0291319 -0.0291319 -0.0322554 -0.0322554 -0.0322554 -0.0322554 -0.0686884 -0.0686884 -0.0686884 -0.0686884 0.00609528 0.00609528 0.00609528 0.00609528 0.00345279 0.00345279 0.00345279 0.00345279 -0.00103619 -0.00103619 -0.00103619 -0.00103619 -0.0209022 -0.0209022 -0.0209022 -0.0209022 
225 50 -0.0159772 -0.0159772 -0.0159772 -0.0159772 -0.0211519 -0.0211519 -0.0211519 -0.0211519 -0.0465231 -0.0465231 -0.0465231 -0.0465231 0 0 0 0 0.00918139 0.00918139 0.00918139 0.00918139 0.00135257 0.00135257 0.00135257 0.00135257 0.00405644 0.00405644 0.00405644 0.00405644 0.0487842 0.0487842 0.0487842 0.0487842 
225 75 -0.0361701 -0.0361701 -0.0361701 -0.0361701 -0.0211791 -0.0211791 -0.0211791 -0.0211791 -0.0488527 -0.0488527 -0.0488527 -0.0488527 0 0 0 0 0.0021848 0.0021848 0.0021848 0.0021848 -0.0131202 -0.0131202 -0.0131202 -0.0131202 0.0491069 0.0491069 0.0491069 0.0491069 0 0 0 0 
225 95 -0.00450699 -0.00450699 -0.00450699 -0.00450699 -0.178089 -0.178089 -0.178089 -0.178089 0 0 0 0 0 0 0 0 0.021647 0.021647 0.021647 0.021647 0.0363087 0.0363087 0.0363087 0.0363087 0 0 0 0 0 0 0 0 
250 0 -0.00887911 -0.00887911 -0.00887911 -0.00887911 -0.0229183 -0.0229183 -0.0229183 -0.0229183 -0.0209749 -0.0209749 -0.0209749 -0.0209749 -0.0271913 -0.0271913 -0.0271913 -0.0271913 0.00434135 0.00434135 0.00434135 0.00434135 0.0118015 0.0118015 0.0118015 0.0118015 -0.000352903 -0.000352903 -0.000352903 -0.000352903 0.00376983 0.00376983 0.00376983 0.00376983 
250 25 -0.000923484 -0.000923484 -0.000923484 -0.000923484 -0.032584 -0.032584 -0.032584 -0.032584 -0.0159686 -0.0159686 -0.0159686 -0.0159686 -0.0241639 -0.0241639 -0.0241639 -0.0241639 0.0287593 0.0287593 0.0287593 0.0287593 0.0195756 0.0195756 0.0195756 0.0195756 -0.000785516 -0.000785516 -0.000785516 -0.000785516 -0.0264443 -0.0264443 -0.0264443 -0.0264443 
250 50 -0.041889 -0.041889 -0.041889 -0.041889 -0.0128851 -0.0128851 -0.0128851 -0.0128851 -0.0194517 -0.0194517 -0.0194517 -0.0194517 -0.00748051 -0.00748051 -0.00748051 -0.00748051 0.00478169 0.00478169 0.00478169 0.00478169 0.0164954 0.0164954 0.0164954 0.0164954 -0.0233706 -0.0233706 -0.0233706 -0.0233706 0.0101736 0.0101736 0.0101736 0.0101736 
250 75 -0.0187249 -0.0187249 -0.0187249 -0.0187249 -0.025858 -0.025858 -0.025858 -0.025858 -0.0398934 -0.0398934 -0.0398934 -0.0398934 0.0464519 0.0464519 0.0464519 0.0464519 -0.00592345 -0.00592345 -0.00592345 -0.00592345 0.0108759 0.0108759 0.0108759 0.0108759 -0.0444049 -0.0444049 -0.0444049 -0.0444049 -0.0265291 -0.0265291 -0.0265291 -0.0265291 
250 100 -0.0317848 -0.0317848 -0.0317848 -0.0317848 -0.00371902 -0.00371902 -0.00371902 -0.00371902 -0.0193079 -0.0193079 -0.0193079 -0.0193079 0 0 0 0 -0.00480912 -0.00480912 -0.00480912 -0.00480912 -0.00449173 -0.00449173 -0.00449173 -0.00449173 0.0125407 0.0125407 0.0125407 0.0125407 0 0 0 0 
250 120 -0.0243461 -0.0243461 -0.0243461 -0.0243461 0.00231949 0.00231949 0.00231949 0.00231949 0 0 0 0 0 0 0 0 -0.0221428 -0.0221428 -0.0221428 -0.0221428 0.0288533 0.0288533 0.0288533 0.0288533 0 0 0 0 0 0 0 0 
275 0 -0.00989475 -0.00989475 -0.00989475 -0.00989475 -0.0227306 -0.0227306 -0.0227306 -0.0227306 -0.0145312 -0.0145312 -0.0145312 -0.0145312 -0.0250795 -0.0250795 -0.0250795 -0.0250795 0.0169111 0.0169111 0.0169111 0.0169111 0.0107789 0.0107789 0.0107789 0.0107789 -0.000163327 -0.000163327 -0.000163327 -0.000163327 -0.0140734 -0.0140734 -0.0140734 -0.0140734 
275 25 -0.0221283 -0.0221283 -0.0221283 -0.0221283 -0.0271186 -0.0271186 -0.0271186 -0.0271186 -0.0362625 -0.0362625 -0.0362625 -0.0362625 -0.0256513 -0.0256513 -0.0256513 -0.0256513 0.0241472 0.0241472 0.0241472 0.0241472 0.00814442 0.00814442 0.00814442 0.00814442 -0.00918007 -0.00918007 -0.00918007 -0.00918007 -0.00460512 -0.00460512 -0.00460512 -0.00460512 
275 50 -0.00897802 -0.00897802 -0.00897802 -0.00897802 -0.0272631 -0.0272631 -0.0272631 -0.0272631 -0.0285705 -0.0285705 -0.0285705 -0.0285705 -0.00850958 -0.00850958 -0.00850958 -0.00850958 -0.0145832 -0.0145832 -0.0145832 -0.0145832 0.0121018 0.0121018 0.0121018 0.0121018 0.00619507 0.00619507 0.00619507 0.00619507 -0.00627988 -0.00627988 -0.00627988 -0.00627988 
275 75 -0.00696614 -0.00696614 -0.00696614 -0.00696614 -0.0150119 -0.0150119 -0.0150119 -0.0150119 -0.0279026 -0.0279026 -0.0279026 -0.0279026 -0.0159986 -0.0159986 -0.0159986 -0.0159986 -0.00351719 -0.00351719 -0.00351719 -0.00351719 0.00064713 0.00064713 0.00064713 0.00064713 0.0281356 0.0281356 0.0281356 0.0281356 -0.0245013 -0.0245013 -0.0245013 -0.0245013 
275 100 -0.0271571 -0.0271571 -0.0271571 -0.0271571 -0.0215977 -0.0215977 -0.0215977 -0.0215977 -0.0237832 -0.0237832 -0.0237832 -0.0237832 -0.0364452 -0.0364452 -0.0364452 -0.0364452 -0.0144741 -0.0144741 -0.0144741 -0.0144741 0.0068777 0.0068777 0.0068777 0.0068777 -0.0128751 -0.0128751 -0.0128751 -0.0128751 -0.0186199 -0.0186199 -0.0186199 -0.0186199 
275 125 -0.00918363 -0.00918363 -0.00918363 -0.00918363 -0.0505924 -0.0505924 -0.0505924 -0.0505924 -0.0230718 -0.0230718 -0.0230718 -0.0230718 0 0 0 0 0.0256719 0.0256719 0.0256719 0.0256719 0.0131548 0.0131548 0.0131548 0.0131548 0.0300221 0.0300221 0.0300221 0.0300221 0 0 0 0 
275 145 -0.0466097 -0.0466097 -0.0466097 -0.0466097 -0.0673603 -0.0673603 -0.0673603 -0.0673603 0 0 0 0 0 0 0 0 -0.0037808 -0.0037808 -0.0037808 -0.0037808 0.0302076 0.0302076 0.0302076 0.0302076 0 0 0 0 0 0 0 0 
300 0 -0.00595902 -0.00595902 -0.00595902 -0.00595902 -0.0149879 -0.0149879 -0.0149879 -0.0149879 -0.0148009 -0.0148009 -0.0148009 -0.0148009 -0.0250378 -0.0250378 -0.0250378 -0.0250378 0.0214654 0.0214654 0.0214654 0.0214654 -0.000472719 -0.000472719 -0.000472719 -0.000472719 -0.0118691 -0.0118691 -0.0118691 -0.0118691 0.00514623 0.00514623 0.00514623 0.00514623 
300 25 0.00143977 0.00143977 0.00143977 0.00143977 -0.0139742 -0.0139742 -0.0139742 -0.0139742 -0.00669701 -0.00669701 -0.00669701 -0.00669701 -0.0326192 -0.0326192 -0.0326192 -0.0326192 0.00874796 0.00874796 0.00874796 0.00874796 0.00988897 0.00988897 0.00988897 0.00988897 0.00612075 0.00612075 0.00612075 0.00612075 0.000488321 0.000488321 0.000488321 0.000488321 
300 50 0.00907923 0.00907923 0.00907923 0.00907923 -0.0121013 -0.0121013 -0.0121013 -0.0121013 -0.0287064 -0.0287064 -0.0287064 -0.0287064 -0.0174461 -0.0174461 -0.0174461 -0.0174461 0.00134377 0.00134377 0.00134377 0.00134377 0.0204707 0.0204707 0.0204707 0.0204707 -0.000263679 -0.000263679 -0.000263679 -0.000263679 0.00576415 0.00576415 0.00576415 0.00576415 
300 75 -0.00911172 -0.00911172 -0.00911172 -0.00911172 -0.0146307 -0.0146307 -0.0146307 -0.0146307 -0.031607 -0.031607 -0.031607 -0.031607 -0.00700757 -0.00700757 -0.00700757 -0.00700757 0.0285617 0.0285617 0.0285617 0.0285617 0.0180277 0.0180277 0.0180277 0.0180277 0.00168573 0.00168573 0.00168573 0.00168573 -0.0101291 -0.0101291 -0.0101291 -0.0101291 
300 100 -0.00448138 -0.00448138 -0.00448138 -0.00448138 -0.0231781 -0.0231781 -0.0231781 -0.0231781 -0.0327418 -0.0327418 -0.0327418 -0.0327418 -0.0280275 -0.0280275 -0.0280275 -0.0280275 0.0279032 0.0279032 0.0279032 0.0279032 0.00900541 0.00900541 0.00900541 0.00900541 0.0142262 0.0142262 0.0142262 0.0142262 -0.0229695 -0.0229695 -0.0229695 -0.0229695 
300 125 -0.0341086 -0.0341086 -0.0341086 -0.0341086 -0.021008 -0.021008 -0.021008 -0.021008 0.000726424 0.000726424 0.000726424 0.000726424 -0.00726336 -0.00726336 -0.00726336 -0.00726336 -0.000310963 -0.000310963 -0.000310963 -0.000310963 0.00832738 0.00832738 0.00832738 0.00832738 -0.0330006 -0.0330006 -0.0330006 -0.0330006 0.000448091 0.000448091 0.000448091 0.000448091 
300 150 -0.034353 -0.034353 -0.034353 -0.034353 -0.0155243 -0.0155243 -0.0155243 -0.0155243 -0.0300747 -0.0300747 -0.0300747 -0.0300747 0 0 0 0 0.00927313 0.00927313 0.00927313 0.00927313 0.00187864 0.00187864 0.00187864 0.00187864 -0.0214259 -0.0214259 -0.0214259 -0.0214259 0.0673954 0.0673954 0.0673954 0.0673954 
300 170 -0.0416173 -0.0416173 -0.0416173 -0.0416173 -0.00423732 -0.00423732 -0.00423732 -0.00423732 0 0 0 0 0 0 0 0 0.0592599 0.0592599 0.0592599 0.0592599 2.38501e-05 2.38501e-05 2.38501e-05 2.38501e-05 0 0 0 0 0 0 0 0 
325 0 -0.0400312 -0.0400312 -0.0400312 -0.0400312 -0.00964736 -0.00964736 -0.00964736 -0.00964736 -0.0369991 -0.0369991 -0.0369991 -0.0369991 -0.0210625 -0.0210625 -0.0210625 -0.0210625 -0.00433231 -0.00433231 -0.00433231 -0.00433231 0.020394 0.020394 0.020394 0.020394 0.0130156 0.0130156 0.0130156 0.0130156 0.00136201 0.00136201 0.00136201 0.00136201 
325 25 -0.0084115 -0.0084115 -0.0084115 -0.0084115 -0.0215572 -0.0215572 -0.0215572 -0.0215572 -0.0204238 -0.0204238 -0.0204238 -0.0204238 -0.0260525 -0.0260525 -0.0260525 -0.0260525 0.0286677 0.0286677 0.0286677 0.0286677 0.0202549 0.0202549 0.0202549 0.0202549 0.0077989 0.0077989 0.0077989 0.0077989 -0.000721345 -0.000721345 -0.000721345 -0.000721345 
325 50 -0.0281577 -0.0281577 -0.0281577 -0.0281577 -0.0258329 -0.0258329 -0.0258329 -0.0258329 -0.0144003 -0.0144003 -0.0144003 -0.0144003 -0.035009 -0.035009 -0.035009 -0.035009 0.0292266 0.0292266 0.0292266 0.0292266 0.0163703 0.0163703 0.0163703 0.0163703 0.0133103 0.0133103 0.0133103 0.0133103 -0.00252448 -0.00252448 -0.00252448 -0.00252448 
325 75 -0.000429088 -0.000429088 -0.000429088 -0.000429088 -0.00595941 -0.00595941 -0.00595941 -0.00595941 -0.0223792 -0.0223792 -0.0223792 -0.0223792 -0.0265475 -0.0265475 -0.0265475 -0.0265475 0.0133441 0.0133441 0.0133441 0.0133441 0.0134104 0.0134104 0.0134104 0.0134104 0.0134695 0.0134695 0.0134695 0.0134695 -0.00641702 -0.00641702 -0.00641702 -0.00641702 
325 100 -0.0169101 -0.0169101 -0.0169101 -0.0169101 -0.0223251 -0.0223251 -0.0223251 -0.0223251 -0.0325373 -0.0325373 -0.0325373 -0.0325373 -0.0322752 -0.0322752 -0.0322752 -0.0322752 0.0326779 0.0326779 0.0326779 0.0326779 0.0149775 0.0149775 0.0149775 0.0149775 0.000729372 0.000729372 0.000729372 0.000729372 -0.00373385 -0.00373385 -0.00373385 -0.00373385 
325 125 0.000722242 0.000722242 0.000722242 0.000722242 -0.0185811 -0.0185811 -0.0185811 -0.0185811 -0.0169297 -0.0169297 -0.0169297 -0.0169297 -0.030074 -0.030074 -0.030074 -0.030074 0.0107272 0.0107272 0.0107272 0.0107272 0.0162959 0.0162959 0.0162959 0.0162959 0.00228289 0.00228289 0.00228289 0.00228289 -0.0120438 -0.0120438 -0.0120438 -0.0120438 
325 150 -0.0162643 -0.0162643 -0.0162643 -0.0162643 -0.036282 -0.036282 -0.036282 -0.036282 -0.0187366 -0.0187366 -0.0187366 -0.0187366 0.0157996 0.0157996 0.0157996 0.0157996 0.00541466 0.00541466 0.00541466 0.00541466 0.00721515 0.00721515 0.00721515 0.00721515 0.00736427 0.00736427 0.00736427 0.00736427 -0.0117964 -0.0117964 -0.0117964 -0.0117964 
325 175 -0.0293311 -0.0293311 -0.0293311 -0.0293311 -0.0226855 -0.0226855 -0.0226855 -0.0226855 -0.106335 -0.106335 -0.106335 -0.106335 0 0 0 0 0.00623833 0.00623833 0.00623833 0.00623833 -0.00044782 -0.00044782 -0.00044782 -0.00044782 0.032925 0.032925 0.032925 0.032925 0.0324723 0.0324723 0.0324723 0.0324723 
325 195 0.0300945 0.0300945 0.0300945 0.0300945 0.0597054 0.0597054 0.0597054 0.0597054 0 0 0 0 0 0 0 0 -0.0195971 -0.0195971 -0.0195971 -0.0195971 0.0144418 0.0144418 0.0144418 0.0144418 0.0335861 0.0335861 0.0335861 0.0335861 0 0 0 0 
350 0 -0.00196834 -0.00196834 -0.00196834 -0.00196834 -0.0113787 -0.0113787 -0.0113787 -0.0113787 -0.0178776 -0.0178776 -0.0178776 -0.0178776 -0.0334854 -0.0334854 -0.0334854 -0.0334854 0.0096558 0.0096558 0.0096558 0.0096558 0.0155707 0.0155707 0.0155707 0.0155707 0.0117322 0.0117322 0.0117322 0.0117322 0.0100404 0.0100404 0.0100404 0.0100404 
350 25 -0.00949716 -0.00949716 -0.00949716 -0.00949716 -0.0136083 -0.0136083 -0.0136083 -0.0136083 -0.0171749 -0.0171749 -0.0171749 -0.0171749 -0.0331474 -0.0331474 -0.0331474 -0.0331474 0.0496672 0.0496672 0.0496672 0.0496672 0.00801762 0.00801762 0.00801762 0.00801762 0.012877 0.012877 0.012877 0.012877 0.00107529 0.00107529 0.00107529 0.00107529 
350 50 -0.0174364 -0.0174364 -0.0174364 -0.0174364 -0.0149701 -0.0149701 -0.0149701 -0.0149701 -0.017537 -0.017537 -0.017537 -0.017537 -0.0285939 -0.0285939 -0.0285939 -0.0285939 0.0592215 0.0592215 0.0592215 0.0592215 0.0129213 0.0129213 0.0129213 0.0129213 0.0171704 0.0171704 0.0171704 0.0171704 -0.00338409 -0.00338409 -0.00338409 -0.00338409 
350 75 -0.00202696 -0.00202696 -0.00202696 -0.00202696 -0.0095037 -0.0095037 -0.0095037 -0.0095037 -0.0110639 -0.0110639 -0.0110639 -0.0110639 -0.0267881 -0.0267881 -0.0267881 -0.0267881 0.00395797 0.00395797 0.00395797 0.00395797 8.90759e-06 8.90759e-06 8.90759e-06 8.90759e-06 0.00849324 0.00849324 0.00849324 0.00849324 0.00185326 0.00185326 0.00185326 0.00185326 
350 100 -0.0317186 -0.0317186 -0.0317186 -0.0317186 -0.0257739 -0.0257739 -0.0257739 -0.0257739 -0.0138644 -0.0138644 -0.0138644 -0.0138644 -0.0199579 -0.0199579 -0.0199579 -0.0199579 0.0159471 0.0159471 0.0159471 0.0159471 0.0234423 0.0234423 0.0234423 0.0234423 0.0257301 0.0257301 0.0257301 0.0257301 -0.00672966 -0.00672966 -0.00672966 -0.00672966 
350 125 -0.0105762 -0.0105762 -0.0105762 -0.0105762 -0.00561194 -0.00561194 -0.00561194 -0.00561194 -0.0164365 -0.0164365 -0.0164365 -0.0164365 -0.0102525 -0.0102525 -0.0102525 -0.0102525 0.020893 0.020893 0.020893 0.020893 0.0147459 0.0147459 0.0147459 0.0147459 0.00730091 0.00730091 0.00730091 0.00730091 0.00376918 0.00376918 0.00376918 0.00376918 
350 150 0.000416132 0.000416132 0.000416132 0.000416132 -0.0238044 -0.0238044 -0.0238044 -0.0238044 -0.00559979 -0.00559979 -0.00559979 -0.00559979 -0.0344576 -0.0344576 -0.0344576 -0.0344576 0.0350486 0.0350486 0.0350486 0.0350486 -0.00611472 -0.00611472 -0.00611472 -0.00611472 0.00946671 0.00946671 0.00946671 0.00946671 -0.00179015 -0.00179015 -0.00179015 -0.00179015 
350 175 -0.0218518 -0.0218518 -0.0218518 -0.0218518 -0.014645 -0.014645 -0.014645 -0.014645 -0.0252413 -0.0252413 -0.0252413 -0.0252413 -0.000912297 -0.000912297 -0.000912297 -0.000912297 0.00628302 0.00628302 0.00628302 0.00628302 0.00506857 0.00506857 0.00506857 0.00506857 0.00784159 0.00784159 0.00784159 0.00784159 -0.0432491 -0.0432491 -0.0432491 -0.0432491 
350 200 -0.0232952 -0.0232952 -0.0232952 -0.0232952 0.00505639 0.00505639 0.00505639 0.00505639 -0.0102131 -0.0102131 -0.0102131 -0.0102131 0 0 0 0 0.0411841 0.0411841 0.0411841 0.0411841 -0.0102498 -0.0102498 -0.0102498 -0.0102498 0.0543747 0.0543747 0.0543747 0.0543747 0.0281104 0.0281104 0.0281104 0.0281104 
350 220 0.0416509 0.0416509 0.0416509 0.0416509 -0.125938 -0.125938 -0.125938 -0.125938 0 0 0 0 0 0 0 0 0.0307458 0.0307458 0.0307458 0.0307458 -0.00109763 -0.00109763 -0.00109763 -0.00109763 0.0713276 0.0713276 0.0713276 0.0713276 0 0 0 0 
375 0 -0.00143217 -0.00143217 -0.00143217 -0.00143217 -0.0129443 -0.0129443 -0.0129443 -0.0129443 -0.00686238 -0.00686238 -0.00686238 -0.00686238 -0.0151979 -0.0151979 -0.0151979 -0.0151979 0.0168861 0.0168861 0.0168861 0.0168861 0.0163886 0.0163886 0.0163886 0.0163886 0.0123345 0.0123345 0.0123345 0.0123345 0.00786952 0.00786952 0.00786952 0.00786952 
375 25 -0.0054854 -0.0054854 -0.0054854 -0.0054854 -0.0336802 -0.0336802 -0.0336802 -0.0336802 -0.0266373 -0.0266373 -0.0266373 -0.0266373 -0.0207661 -0.0207661 -0.0207661 -0.0207661 -0.00244271 -0.00244271 -0.00244271 -0.00244271 0.0146208 0.0146208 0.0146208 0.0146208 0.0218846 0.0218846 0.0218846 0.0218846 0.00466325 0.00466325 0.00466325 0.00466325 
375 50 -0.0385386 -0.0385386 -0.0385386 -0.0385386 -0.0121805 -0.0121805 -0.0121805 -0.0121805 -0.0208037 -0.0208037 -0.0208037 -0.0208037 -0.0136605 -0.0136605 -0.0136605 -0.0136605 0.0157793 0.0157793 0.0157793 0.0157793 0.00889156 0.00889156 0.00889156 0.00889156 0.0153768 0.0153768 0.0153768 0.0153768 -0.00222081 -0.00222081 -0.00222081 -0.00222081 
375 75 -0.0072663 -0.0072663 -0.0072663 -0.0072663 -0.0168533 -0.0168533 -0.0168533 -0.0168533 -0.0241803 -0.0241803 -0.0241803 -0.0241803 -0.0213765 -0.0213765 -0.0213765 -0.0213765 0.0053626 0.0053626 0.0053626 0.0053626 0.00879534 0.00879534 0.00879534 0.00879534 0.0127852 0.0127852 0.0127852 0.0127852 0.00587404 0.00587404 0.00587404 0.00587404 
375 100 -0.0046557 -0.0046557 -0.0046557 -0.0046557 -0.0127858 -0.0127858 -0.0127858 -0.0127858 -0.0152203 -0.0152203 -0.0152203 -0.0152203 -0.0228891 -0.0228891 -0.0228891 -0.0228891 0.068002 0.068002 0.068002 0.068002 0.014013 0.014013 0.014013 0.014013 0.00961143 0.00961143 0.00961143 0.00961143 0.00291389 0.00291389 0.00291389 0.00291389 
375 125 -0.0700877 -0.0700877 -0.0700877 -0.0700877 -0.021305 -0.021305 -0.021305 -0.021305 -0.0256839 -0.0256839 -0.0256839 -0.0256839 -0.0264852 -0.0264852 -0.0264852 -0.0264852 0.0326602 0.0326602 0.0326602 0.0326602 0.00871803 0.00871803 0.00871803 0.00871803 0.0112449 0.0112449 0.0112449 0.0112449 -0.000779824 -0.000779824 -0.000779824 -0.000779824 
375 150 -0.0218248 -0.0218248 -0.0218248 -0.0218248 -0.0256852 -0.0256852 -0.0256852 -0.0256852 -0.0331295 -0.0331295 -0.0331295 -0.0331295 -0.0174148 -0.0174148 -0.0174148 -0.0174148 0.0207718 0.0207718 0.0207718 0.0207718 0.0146297 0.0146297 0.0146297 0.0146297 0.0135477 0.0135477 0.0135477 0.0135477 -0.00310245 -0.00310245 -0.00310245 -0.00310245 
375 175 -0.0158067 -0.0158067 -0.0158067 -0.0158067 0.000774931 0.000774931 0.000774931 0.000774931 -0.0380969 -0.0380969 -0.0380969 -0.0380969 -0.0340295 -0.0340295 -0.0340295 -0.0340295 0.061608 0.061608 0.061608 0.061608 0.016332 0.016332 0.016332 0.016332 -0.00705326 -0.00705326 -0.00705326 -0.00705326 -0.0130293 -0.0130293 -0.0130293 -0.0130293 
375 200 -0.0213587 -0.0213587 -0.0213587 -0.0213587 -0.0171733 -0.0171733 -0.0171733 -0.0171733 -0.0361975 -0.0361975 -0.0361975 -0.0361975 0.00862237 0.00862237 0.00862237 0.00862237 -0.00235112 -0.00235112 -0.00235112 -0.00235112 0.00921667 0.00921667 0.00921667 0.00921667 -0.011946 -0.011946 -0.011946 -0.011946 -0.00911573 -0.00911573 -0.00911573 -0.00911573 
375 225 -0.0268348 -0.0268348 -0.0268348 -0.0268348 0.000730721 0.000730721 0.000730721 0.000730721 -0.0138893 -0.0138893 -0.0138893 -0.0138893 0 0 0 0 0.0140252 0.0140252 0.0140252 0.0140252 -0.0120991 -0.0120991 -0.0120991 -0.0120991 0.0461176 0.0461176 0.0461176 0.0461176 0.0183753 0.0183753 0.0183753 0.0183753 
375 245 -0.0414678 -0.0414678 -0.0414678 -0.0414678 -0.0103855 -0.0103855 -0.0103855 -0.0103855 0 0 0 0 0 0 0 0 0.0412535 0.0412535 0.0412535 0.0412535 -0.019747 -0.019747 -0.019747 -0.019747 -0.0189267 -0.0189267 -0.0189267 -0.0189267 0 0 0 0 
400 0 0.008533 0.008533 0.008533 0.008533 -0.0153913 -0.0153913 -0.0153913 -0.0153913 -0.0159297 -0.0159297 -0.0159297 -0.0159297 -0.0204057 -0.0204057 -0.0204057 -0.0204057 0.00198887 0.00198887 0.00198887 0.00198887 0.0114154 0.0114154 0.0114154 0.0114154 0.0298649 0.0298649 0.0298649 0.0298649 0.00468346 0.00468346 0.00468346 0.00468346 
400 25 0.0016242 0.0016242 0.0016242 0.0016242 -0.0210392 -0.0210392 -0.0210392 -0.0210392 -0.0249895 -0.0249895 -0.0249895 -0.0249895 -0.0161377 -0.0161377 -0.0161377 -0.0161377 0.0240072 0.0240072 0.0240072 0.0240072 0.00318512 0.00318512 0.00318512 0.00318512 0.0171809 0.0171809 0.0171809 0.0171809 0.00683029 0.00683029 0.00683029 0.00683029 
400 50 -0.0180274 -0.0180274 -0.0180274 -0.0180274 -0.0164292 -0.0164292 -0.0164292 -0.0164292 -0.00972835 -0.00972835 -0.00972835 -0.00972835 -0.0241698 -0.0241698 -0.0241698 -0.0241698 0.018522 0.018522 0.018522 0.018522 0.0399883 0.0399883 0.0399883 0.0399883 0.0261455 0.0261455 0.0261455 0.0261455 -0.00137004 -0.00137004 -0.00137004 -0.00137004 
400 75 -0.0117988 -0.0117988 -0.0117988 -0.0117988 -0.0169671 -0.0169671 -0.0169671 -0.0169671 -0.00349753 -0.00349753 -0.00349753 -0.00349753 -0.0234572 -0.0234572 -0.0234572 -0.0234572 0.0372521 0.0372521 0.0372521 0.0372521 -0.00203944 -0.00203944 -0.00203944 -0.00203944 0.0136493 0.0136493 0.0136493 0.0136493 0.00443926 0.00443926 0.00443926 0.00443926 
400 100 -0.00854357 -0.00854357 -0.00854357 -0.00854357 -0.00756905 -0.00756905 -0.00756905 -0.00756905 -0.0153672 -0.0153672 -0.0153672 -0.0153672 -0.0190823 -0.0190823 -0.0190823 -0.0190823 0.0308589 0.0308589 0.0308589 0.0308589 0.0140639 0.0140639 0.0140639 0.0140639 0.0233225 0.0233225 0.0233225 0.0233225 0.0025578 0.0025578 0.0025578 0.0025578 
400 125 -0.034273 -0.034273 -0.034273 -0.034273 -0.0183351 -0.0183351 -0.0183351 -0.0183351 -0.0123395 -0.0123395 -0.0123395 -0.0123395 -0.0280941 -0.0280941 -0.0280941 -0.0280941 0.00333998 0.00333998 0.00333998 0.00333998 0.0157002 0.0157002 0.0157002 0.0157002 0.0250673 0.0250673 0.0250673 0.0250673 -0.00965025 -0.00965025 -0.00965025 -0.00965025 
400 150 -0.0145381 -0.0145381 -0.0145381 -0.0145381 -0.0215799 -0.0215799 -0.0215799 -0.0215799 -0.0284525 -0.0284525 -0.0284525 -0.0284525 -0.0203813 -0.0203813 -0.0203813 -0.0203813 0.020373 0.020373 0.020373 0.020373 0.0222828 0.0222828 0.0222828 0.0222828 0.00915117 0.00915117 0.00915117 0.00915117 0.0144524 0.0144524 0.0144524 0.0144524 
400 175 -0.0491556 -0.0491556 -0.0491556 -0.0491556 -0.0188094 -0.0188094 -0.0188094 -0.0188094 -0.0240018 -0.0240018 -0.0240018 -0.0240018 -0.0130776 -0.0130776 -0.0130776 -0.0130776 0.0313329 0.0313329 0.0313329 0.0313329 0.014818 0.014818 0.014818 0.014818 0.00233135 0.00233135 0.00233135 0.00233135 -0.00395904 -0.00395904 -0.00395904 -0.00395904 
400 200 0.0160811 0.0160811 0.0160811 0.0160811 -0.0150872 -0.0150872 -0.0150872 -0.0150872 -0.00926415 -0.00926415 -0.00926415 -0.00926415 -0.0244978 -0.0244978 -0.0244978 -0.0244978 0.0209789 0.0209789 0.0209789 0.0209789 0.0105874 0.0105874 0.0105874 0.0105874 -0.00672854 -0.00672854 -0.00672854 -0.00672854 -0.0112051 -0.0112051 -0.0112051 -0.0112051 
400 225 -0.0144113 -0.0144113 -0.0144113 -0.0144113 -0.0129411 -0.0129411 -0.0129411 -0.0129411 -0.0196882 -0.0196882 -0.0196882 -0.0196882 -0.0605348 -0.0605348 -0.0605348 -0.0605348 0.00306929 0.00306929 0.00306929 0.00306929 0.0220245 0.0220245 0.0220245 0.0220245 -0.0220897 -0.0220897 -0.0220897 -0.0220897 0.0250616 0.0250616 0.0250616 0.0250616 
400 250 -0.0177118 -0.0177118 -0.0177118 -0.0177118 -0.00620557 -0.00620557 -0.00620557 -0.00620557 -0.0957287 -0.0957287 -0.0957287 -0.0957287 0 0 0 0 0.0125673 0.0125673 0.0125673 0.0125673 0.00228729 0.00228729 0.00228729 0.00228729 -0.026376 -0.026376 -0.026376 -0.026376 0.0258848 0.0258848 0.0258848 0.0258848 
400 270 0.0520333 0.0520333 0.0520333 0.0520333 -0.0125045 -0.0125045 -0.0125045 -0.0125045 0 0 0 0 0 0 0 0 -0.0570731 -0.0570731 -0.0570731 -0.0570731 0.0215633 0.0215633 0.0215633 0.0215633 -0.000631768 -0.000631768 -0.000631768 -0.000631768 0 0 0 0 
425 0 -0.00947855 -0.00947855 -0.00947855 -0.00947855 -0.0136053 -0.0136053 -0.0136053 -0.0136053 -0.0200162 -0.0200162 -0.0200162 -0.0200162 -0.025585 -0.025585 -0.025585 -0.025585 0.00180513 0.00180513 0.00180513 0.00180513 0.0319198 0.0319198 0.0319198 0.0319198 0.0293084 0.0293084 0.0293084 0.0293084 0.00813777 0.00813777 0.00813777 0.00813777 
425 25 -0.0286914 -0.0286914 -0.0286914 -0.0286914 -0.025971 -0.025971 -0.025971 -0.025971 -0.0162649 -0.0162649 -0.0162649 -0.0162649 -0.0163944 -0.0163944 -0.0163944 -0.0163944 -0.00965702 -0.00965702 -0.00965702 -0.00965702 0.0209602 0.0209602 0.0209602 0.0209602 0.0318573 0.0318573 0.0318573 0.0318573 0.0100316 0.0100316 0.0100316 0.0100316 
425 50 -0.0167747 -0.0167747 -0.0167747 -0.0167747 -0.0237697 -0.0237697 -0.0237697 -0.0237697 -0.0163589 -0.0163589 -0.0163589 -0.0163589 -0.0217858 -0.0217858 -0.0217858 -0.0217858 0.0161127 0.0161127 0.0161127 0.0161127 0.0298995 0.0298995 0.0298995 0.0298995 0.00737852 0.00737852 0.00737852 0.00737852 0.00724789 0.00724789 0.00724789 0.00724789 
425 75 -0.0157954 -0.0157954 -0.0157954 -0.0157954 -0.0141943 -0.0141943 -0.0141943 -0.0141943 -0.0181279 -0.0181279 -0.0181279 -0.0181279 -0.027003 -0.027003 -0.027003 -0.027003 -0.00373608 -0.00373608 -0.00373608 -0.00373608 0.0242203 0.0242203 0.0242203 0.0242203 0.0171331 0.0171331 0.0171331 0.0171331 0.0069971 0.0069971 0.0069971 0.0069971 
425 100 -0.0231781 -0.0231781 -0.0231781 -0.0231781 -0.0225342 -0.0225342 -0.0225342 -0.0225342 -0.00956937 -0.00956937 -0.00956937 -0.00956937 -0.0152161 -0.0152161 -0.0152161 -0.0152161 0.00492005 0.00492005 0.00492005 0.00492005 0.0330019 0.0330019 0.0330019 0.0330019 0.00600377 0.00600377 0.00600377 0.00600377 0.00685559 0.00685559 0.00685559 0.00685559 
425 125 -0.028839 -0.028839 -0.028839 -0.028839 -0.0107096 -0.0107096 -0.0107096 -0.0107096 -0.0296545 -0.0296545 -0.0296545 -0.0296545 -0.0199509 -0.0199509 -0.0199509 -0.0199509 0.024176 0.024176 0.024176 0.024176 0.0111199 0.0111199 0.0111199 0.0111199 0.0391987 0.0391987 0.0391987 0.0391987 -0.000403917 -0.000403917 -0.000403917 -0.000403917 
425 150 0.00839806 0.00839806 0.00839806 0.00839806 -0.0301174 -0.0301174 -0.0301174 -0.0301174 -0.0193385 -0.0193385 -0.0193385 -0.0193385 -0.0223115 -0.0223115 -0.0223115 -0.0223115 0.00329783 0.00329783 0.00329783 0.00329783 0.0141414 0.0141414 0.0141414 0.0141414 0.0294065 0.0294065 0.0294065 0.0294065 0.00611064 0.00611064 0.00611064 0.00611064 
425 175 0.00169506 0.00169506 0.00169506 0.00169506 -0.0217298 -0.0217298 -0.0217298 -0.0217298 -0.024019 -0.024019 -0.024019 -0.024019 -0.025895 -0.025895 -0.025895 -0.025895 0.0433769 0.0433769 0.0433769 0.0433769 0.0177635 0.0177635 0.0177635 0.0177635 -0.000769026 -0.000769026 -0.000769026 -0.000769026 0.0107208 0.0107208 0.0107208 0.0107208 
425 200 0.0175592 0.0175592 0.0175592 0.0175592 -0.0171456 -0.0171456 -0.0171456 -0.0171456 -0.0238168 -0.0238168 -0.0238168 -0.0238168 -0.0216738 -0.0216738 -0.0216738 -0.0216738 0.0167587 0.0167587 0.0167587 0.0167587 0.0128272 0.0128272 0.0128272 0.0128272 -0.00208124 -0.00208124 -0.00208124 -0.00208124 0.00220431 0.00220431 0.00220431 0.00220431 
425 225 0.00499002 0.00499002 0.00499002 0.00499002 -0.0274229 -0.0274229 -0.0274229 -0.0274229 -0.031011 -0.031011 -0.031011 -0.031011 -0.0200283 -0.0200283 -0.0200283 -0.0200283 0.0152154 0.0152154 0.0152154 0.0152154 0.0121833 0.0121833 0.0121833 0.0121833 -0.00343984 -0.00343984 -0.00343984 -0.00343984 -0.00127667 -0.00127667 -0.00127667 -0.00127667 
425 250 -0.00618595 -0.00618595 -0.00618595 -0.00618595 -0.00861058 -0.00861058 -0.00861058 -0.00861058 -0.0492112 -0.0492112 -0.0492112 -0.0492112 -0.0388657 -0.0388657 -0.0388657 -0.0388657 -0.0249485 -0.0249485 -0.0249485 -0.0249485 0.0199706 0.0199706 0.0199706 0.0199706 -0.00318129 -0.00318129 -0.00318129 -0.00318129 0.00459093 0.00459093 0.00459093 0.00459093 
425 275 -0.0362232 -0.0362232 -0.0362232 -0.0362232 -0.00886274 -0.00886274 -0.00886274 -0.00886274 -0.0316897 -0.0316897 -0.0316897 -0.0316897 -0.0406416 -0.0406416 -0.0406416 -0.0406416 0.00436642 0.00436642 0.00436642 0.00436642 0.0160147 0.0160147 0.0160147 0.0160147 -0.00948522 -0.00948522 -0.00948522 -0.00948522 0.060723 0.060723 0.060723 0.060723 
425 295 -0.0174666 -0.0174666 -0.0174666 -0.0174666 0.0232647 0.0232647 0.0232647 0.0232647 0 0 0 0 0 0 0 0 0.0419314 0.0419314 0.0419314 0.0419314 0.0157643 0.0157643 0.0157643 0.0157643 0.00579388 0.00579388 0.00579388 0.00579388 0 0 0 0 
450 0 -0.0226155 -0.0226155 -0.0226155 -0.0226155 -0.0174273 -0.0174273 -0.0174273 -0.0174273 -0.0294578 -0.0294578 -0.0294578 -0.0294578 -0.0193313 -0.0193313 -0.0193313 -0.0193313 -0.0106812 -0.0106812 -0.0106812 -0.0106812 0.0360737 0.0360737 0.0360737 0.0360737 0.00267171 0.00267171 0.00267171 0.00267171 0.0076181 0.0076181 0.0076181 0.0076181 
450 25 -0.0271313 -0.0271313 -0.0271313 -0.0271313 -0.00917851 -0.00917851 -0.00917851 -0.00917851 -0.0304819 -0.0304819 -0.0304819 -0.0304819 -0.025751 -0.025751 -0.025751 -0.025751 0.00955672 0.00955672 0.00955672 0.00955672 0.0261151 0.0261151 0.0261151 0.0261151 -0.0122886 -0.0122886 -0.0122886 -0.0122886 0.00441276 0.00441276 0.00441276 0.00441276 
450 50 -0.00250395 -0.00250395 -0.00250395 -0.00250395 -0.0215198 -0.0215198 -0.0215198 -0.0215198 -0.0144982 -0.0144982 -0.0144982 -0.0144982 -0.0262517 -0.0262517 -0.0262517 -0.0262517 0.0940395 0.0940395 0.0940395 0.0940395 0.021265 0.021265 0.021265 0.021265 0.0346971 0.0346971 0.0346971 0.0346971 0.00443618 0.00443618 0.00443618 0.00443618 
450 75 -0.0251235 -0.0251235 -0.0251235 -0.0251235 -0.00507219 -0.00507219 -0.00507219 -0.00507219 -0.0322047 -0.0322047 -0.0322047 -0.0322047 -0.0195026 -0.0195026 -0.0195026 -0.0195026 -0.0241833 -0.0241833 -0.0241833 -0.0241833 0.0128287 0.0128287 0.0128287 0.0128287 0.0361964 0.0361964 0.0361964 0.0361964 0.00435924 0.00435924 0.00435924 0.00435924 
450 100 -0.0106815 -0.0106815 -0.0106815 -0.0106815 -0.0245613 -0.0245613 -0.0245613 -0.0245613 -0.0209707 -0.0209707 -0.0209707 -0.0209707 -0.025903 -0.025903 -0.025903 -0.025903 0.00950421 0.00950421 0.00950421 0.00950421 0.0288989 0.0288989 0.0288989 0.0288989 0.00162503 0.00162503 0.00162503 0.00162503 0.00844704 0.00844704 0.00844704 0.00844704 
450 125 -0.00592416 -0.00592416 -0.00592416 -0.00592416 -0.0223622 -0.0223622 -0.0223622 -0.0223622 -0.0138416 -0.0138416 -0.0138416 -0.0138416 -0.0251572 -0.0251572 -0.0251572 -0.0251572 0.0139235 0.0139235 0.0139235 0.0139235 0.0231431 0.0231431 0.0231431 0.0231431 0.0267637 0.0267637 0.0267637 0.0267637 0.00533356 0.00533356 0.00533356 0.00533356 
450 150 -0.0173368 -0.0173368 -0.0173368 -0.0173368 -0.0146785 -0.0146785 -0.0146785 -0.0146785 -0.00883059 -0.00883059 -0.00883059 -0.00883059 -0.0305871 -0.0305871 -0.0305871 -0.0305871 0.0416304 0.0416304 0.0416304 0.0416304 0.0173971 0.0173971 0.0173971 0.0173971 0.0164952 0.0164952 0.0164952 0.0164952 0.00951943 0.00951943 0.00951943 0.00951943 
450 175 -0.00572918 -0.00572918 -0.00572918 -0.00572918 -0.00584383 -0.00584383 -0.00584383 -0.00584383 -0.0271066 -0.0271066 -0.0271066 -0.0271066 -0.0188927 -0.0188927 -0.0188927 -0.0188927 0.0162127 0.0162127 0.0162127 0.0162127 0.0112463 0.0112463 0.0112463 0.0112463 0.0375187 0.0375187 0.0375187 0.0375187 0.00307203 0.00307203 0.00307203 0.00307203 
450 200 -0.0337227 -0.0337227 -0.0337227 -0.0337227 -0.0150724 -0.0150724 -0.0150724 -0.0150724 -0.0161373 -0.0161373 -0.0161373 -0.0161373 -0.0345214 -0.0345214 -0.0345214 -0.0345214 -0.00415282 -0.00415282 -0.00415282 -0.00415282 0.00359197 0.00359197 0.00359197 0.00359197 0.00938667 0.00938667 0.00938667 0.00938667 0.00747195 0.00747195 0.00747195 0.00747195 
450 225 0.00766535 0.00766535 0.00766535 0.00766535 -0.014704 -0.014704 -0.014704 -0.014704 -0.023703 -0.023703 -0.023703 -0.023703 -0.0251169 -0.0251169 -0.0251169 -0.0251169 0.00614677 0.00614677 0.00614677 0.00614677 0.0254331 0.0254331 0.0254331 0.0254331 0.00412159 0.00412159 0.00412159 0.00412159 -0.00194854 -0.00194854 -0.00194854 -0.00194854 
450 250 -0.0187983 -0.0187983 -0.0187983 -0.0187983 -0.0212932 -0.0212932 -0.0212932 -0.0212932 -0.0325666 -0.0325666 -0.0325666 -0.0325666 -0.0284619 -0.0284619 -0.0284619 -0.0284619 0.0402644 0.0402644 0.0402644 0.0402644 0.0169172 0.0169172 0.0169172 0.0169172 0.000145216 0.000145216 0.000145216 0.000145216 0.01063 0.01063 0.01063 0.01063 
450 275 -0.013118 -0.013118 -0.013118 -0.013118 -0.0144495 -0.0144495 -0.0144495 -0.0144495 -0.00616065 -0.00616065 -0.00616065 -0.00616065 -0.0527512 -0.0527512 -0.0527512 -0.0527512 -0.00833456 -0.00833456 -0.00833456 -0.00833456 0.0193383 0.0193383 0.0193383 0.0193383 0.00917947 0.00917947 0.00917947 0.00917947 -0.0129211 -0.0129211 -0.0129211 -0.0129211 
450 300 -0.0215513 -0.0215513 -0.0215513 -0.0215513 -0.0167585 -0.0167585 -0.0167585 -0.0167585 -0.0131262 -0.0131262 -0.0131262 -0.0131262 -0.042593 -0.042593 -0.042593 -0.042593 0.0118075 0.0118075 0.0118075 0.0118075 -0.00259864 -0.00259864 -0.00259864 -0.00259864 0.0272069 0.0272069 0.0272069 0.0272069 -0.0123035 -0.0123035 -0.0123035 -0.0123035 
450 320 -0.0031478 -0.0031478 -0.0031478 -0.0031478 0.00473068 0.00473068 0.00473068 0.00473068 0.038455 0.038455 0.038455 0.038455 0 0 0 0 -0.0367393 -0.0367393 -0.0367393 -0.0367393 -0.0144388 -0.0144388 -0.0144388 -0.0144388 -0.0272674 -0.0272674 -0.0272674 -0.0272674 0 0 0 0 
475 0 -0.0243573 -0.0243573 -0.0243573 -0.0243573 -0.0184213 -0.0184213 -0.0184213 -0.0184213 -0.0123825 -0.0123825 -0.0123825 -0.0123825 -0.0235949 -0.0235949 -0.0235949 -0.0235949 -0.0178794 -0.0178794 -0.0178794 -0.0178794 0.0211486 0.0211486 0.0211486 0.0211486 0.0191718 0.0191718 0.0191718 0.0191718 0.00850512 0.00850512 0.00850512 0.00850512 
475 25 -0.00680043 -0.00680043 -0.00680043 -0.00680043 -0.0179251 -0.0179251 -0.0179251 -0.0179251 -0.00603713 -0.00603713 -0.00603713 -0.00603713 -0.0201146 -0.0201146 -0.0201146 -0.0201146 0.0756 0.0756 0.0756 0.0756 -0.000661469 -0.000661469 -0.000661469 -0.000661469 0.0239811 0.0239811 0.0239811 0.0239811 -0.000930367 -0.000930367 -0.000930367 -0.000930367 
475 50 0.000482819 0.000482819 0.000482819 0.000482819 -0.0252673 -0.0252673 -0.0252673 -0.0252673 -0.00922167 -0.00922167 -0.00922167 -0.00922167 -0.0184906 -0.0184906 -0.0184906 -0.0184906 0.0120761 0.0120761 0.0120761 0.0120761 0.0101995 0.0101995 0.0101995 0.0101995 0.0187705 0.0187705 0.0187705 0.0187705 0.00883224 0.00883224 0.00883224 0.00883224 
475 75 -0.0046907 -0.0046907 -0.0046907 -0.0046907 -0.0170473 -0.0170473 -0.0170473 -0.0170473 -0.0174282 -0.0174282 -0.0174282 -0.0174282 -0.0238388 -0.0238388 -0.0238388 -0.0238388 -0.00988909 -0.00988909 -0.00988909 -0.00988909 0.0328697 0.0328697 0.0328697 0.0328697 0.0113692 0.0113692 0.0113692 0.0113692 0.00261186 0.00261186 0.00261186 0.00261186 
475 100 -0.0185037 -0.0185037 -0.0185037 -0.0185037 -0.00472511 -0.00472511 -0.00472511 -0.00472511 -0.0141906 -0.0141906 -0.0141906 -0.0141906 -0.0231237 -0.0231237 -0.0231237 -0.0231237 0.0265866 0.0265866 0.0265866 0.0265866 0.0095629 0.0095629 0.0095629 0.0095629 0.0266534 0.0266534 0.0266534 0.0266534 0.013043 0.013043 0.013043 0.013043 
475 125 -0.035075 -0.035075 -0.035075 -0.035075 -0.0128687 -0.0128687 -0.0128687 -0.0128687 -0.00349783 -0.00349783 -0.00349783 -0.00349783 -0.025626 -0.025626 -0.025626 -0.025626 0.054425 0.054425 0.054425 0.054425 0.0224032 0.0224032 0.0224032 0.0224032 -0.00816742 -0.00816742 -0.00816742 -0.00816742 8.81104e-05 8.81104e-05 8.81104e-05 8.81104e-05 
475 150 -0.00581168 -0.00581168 -0.00581168 -0.00581168 -0.026898 -0.026898 -0.026898 -0.026898 -0.00574679 -0.00574679 -0.00574679 -0.00574679 -0.0167953 -0.0167953 -0.0167953 -0.0167953 0.00881765 0.00881765 0.00881765 0.00881765 0.0210669 0.0210669 0.0210669 0.0210669 0.00461943 0.00461943 0.00461943 0.00461943 0.017433 0.017433 0.017433 0.017433 
475 175 0.0101625 0.0101625 0.0101625 0.0101625 -0.0288937 -0.0288937 -0.0288937 -0.0288937 -0.040748 -0.040748 -0.040748 -0.040748 -0.0257776 -0.0257776 -0.0257776 -0.0257776 -0.0121095 -0.0121095 -0.0121095 -0.0121095 0.0125881 0.0125881 0.0125881 0.0125881 0.01995 0.01995 0.01995 0.01995 0.00139672 0.00139672 0.00139672 0.00139672 
475 200 -0.00748947 -0.00748947 -0.00748947 -0.00748947 -0.0153298 -0.0153298 -0.0153298 -0.0153298 -0.0123231 -0.0123231 -0.0123231 -0.0123231 -0.0259386 -0.0259386 -0.0259386 -0.0259386 0.00274122 0.00274122 0.00274122 0.00274122 0.0196458 0.0196458 0.0196458 0.0196458 -0.000168689 -0.000168689 -0.000168689 -0.000168689 0.00665405 0.00665405 0.00665405 0.00665405 
475 225 -0.0411828 -0.0411828 -0.0411828 -0.0411828 -0.0189222 -0.0189222 -0.0189222 -0.0189222 -0.0254627 -0.0254627 -0.0254627 -0.0254627 -0.0150875 -0.0150875 -0.0150875 -0.0150875 0.000897106 0.000897106 0.000897106 0.000897106 0.0149176 0.0149176 0.0149176 0.0149176 0.00899845 0.00899845 0.00899845 0.00899845 0.0019757 0.0019757 0.0019757 0.0019757 
475 250 -0.0339952 -0.0339952 -0.0339952 -0.0339952 -0.0120837 -0.0120837 -0.0120837 -0.0120837 -0.0184874 -0.0184874 -0.0184874 -0.0184874 -0.0334553 -0.0334553 -0.0334553 -0.0334553 -0.0350084 -0.0350084 -0.0350084 -0.0350084 0.00712974 0.00712974 0.00712974 0.00712974 1.67102e-05 1.67102e-05 1.67102e-05 1.67102e-05 0.00188827 0.00188827 0.00188827 0.00188827 
475 275 -0.0121354 -0.0121354 -0.0121354 -0.0121354 -0.0199163 -0.0199163 -0.0199163 -0.0199163 -0.0337872 -0.0337872 -0.0337872 -0.0337872 -0.0122089 -0.0122089 -0.0122089 -0.0122089 0.0295045 0.0295045 0.0295045 0.0295045 0.0199405 0.0199405 0.0199405 0.0199405 0.00905375 0.00905375 0.00905375 0.00905375 -0.005855 -0.005855 -0.005855 -0.005855 
475 300 -0.00593235 -0.00593235 -0.00593235 -0.00593235 -0.0204437 -0.0204437 -0.0204437 -0.0204437 -0.0373862 -0.0373862 -0.0373862 -0.0373862 -0.0139657 -0.0139657 -0.0139657 -0.0139657 -0.00773004 -0.00773004 -0.00773004 -0.00773004 0.0064575 0.0064575 0.0064575 0.0064575 0.00315859 0.00315859 0.00315859 0.00315859 0.0166608 0.0166608 0.0166608 0.0166608 
475 325 -0.00608849 -0.00608849 -0.00608849 -0.00608849 -0.0594359 -0.0594359 -0.0594359 -0.0594359 0.0195857 0.0195857 0.0195857 0.0195857 -0.0869449 -0.0869449 -0.0869449 -0.0869449 -0.00150501 -0.00150501 -0.00150501 -0.00150501 0.0051597 0.0051597 0.0051597 0.0051597 -0.00707982 -0.00707982 -0.00707982 -0.00707982 0.00802397 0.00802397 0.00802397 0.00802397 
475 345 -0.0227176 -0.0227176 -0.0227176 -0.0227176 -0.00302766 -0.00302766 -0.00302766 -0.00302766 -0.0970987 -0.0970987 -0.0970987 -0.0970987 0 0 0 0 0.0162161 0.0162161 0.0162161 0.0162161 -0.00304233 -0.00304233 -0.00304233 -0.00304233 0.0288333 0.0288333 0.0288333 0.0288333 0 0 0 0 
500 0 -0.0193982 -0.0193982 -0.0193982 -0.0193982 -0.0114861 -0.0114861 -0.0114861 -0.0114861 -0.00899112 -0.00899112 -0.00899112 -0.00899112 -0.0225207 -0.0225207 -0.0225207 -0.0225207 -0.0126315 -0.0126315 -0.0126315 -0.0126315 0.0227749 0.0227749 0.0227749 0.0227749 0.021802 0.021802 0.021802 0.021802 0.000675748 0.000675748 0.000675748 0.000675748 
500 25 -0.0337196 -0.0337196 -0.0337196 -0.0337196 -0.0213699 -0.0213699 -0.0213699 -0.0213699 -0.0145477 -0.0145477 -0.0145477 -0.0145477 -0.0202926 -0.0202926 -0.0202926 -0.0202926 0.0269527 0.0269527 0.0269527 0.0269527 0.00896476 0.00896476 0.00896476 0.00896476 0.0231118 0.0231118 0.0231118 0.0231118 0.00852188 0.00852188 0.00852188 0.00852188 
500 50 0.0391882 0.0391882 0.0391882 0.0391882 -0.00566516 -0.00566516 -0.00566516 -0.00566516 -0.0139164 -0.0139164 -0.0139164 -0.0139164 -0.0199863 -0.0199863 -0.0199863 -0.0199863 0.0151882 0.0151882 0.0151882 0.0151882 0.0193155 0.0193155 0.0193155 0.0193155 0.0175718 0.0175718 0.0175718 0.0175718 0.00801484 0.00801484 0.00801484 0.00801484 
500 75 0.00126669 0.00126669 0.00126669 0.00126669 -0.00798552 -0.00798552 -0.00798552 -0.00798552 -0.0143769 -0.0143769 -0.0143769 -0.0143769 -0.0151884 -0.0151884 -0.0151884 -0.0151884 0.035004 0.035004 0.035004 0.035004 0.00568122 0.00568122 0.00568122 0.00568122 0.0123383 0.0123383 0.0123383 0.0123383 0.00838557 0.00838557 0.00838557 0.00838557 
500 100 0.0359097 0.0359097 0.0359097 0.0359097 -0.0231768 -0.0231768 -0.0231768 -0.0231768 -0.020691 -0.020691 -0.020691 -0.020691 -0.0227347 -0.0227347 -0.0227347 -0.0227347 0.0594386 0.0594386 0.0594386 0.0594386 0.0155093 0.0155093 0.0155093 0.0155093 0.023327 0.023327 0.023327 0.023327 0.0109013 0.0109013 0.0109013 0.0109013 
500 125 0.0185391 0.0185391 0.0185391 0.0185391 -0.0331071 -0.0331071 -0.0331071 -0.0331071 -0.00437018 -0.00437018 -0.00437018 -0.00437018 -0.0241928 -0.0241928 -0.0241928 -0.0241928 -0.0476689 -0.0476689 -0.0476689 -0.0476689 0.033241 0.033241 0.033241 0.033241 0.0140548 0.0140548 0.0140548 0.0140548 0.0098051 0.0098051 0.0098051 0.0098051 
500 150 -0.00732138 -0.00732138 -0.00732138 -0.00732138 -0.0133565 -0.0133565 -0.0133565 -0.0133565 -0.014047 -0.014047 -0.014047 -0.014047 -0.0174771 -0.0174771 -0.0174771 -0.0174771 -0.00242118 -0.00242118 -0.00242118 -0.00242118 0.0129157 0.0129157 0.0129157 0.0129157 0.0194068 0.0194068 0.0194068 0.0194068 0.00714638 0.00714638 0.00714638 0.00714638 
500 175 -0.0134278 -0.0134278 -0.0134278 -0.0134278 -0.0157901 -0.0157901 -0.0157901 -0.0157901 -0.0128045 -0.0128045 -0.0128045 -0.0128045 -0.0166223 -0.0166223 -0.0166223 -0.0166223 -0.0146657 -0.0146657 -0.0146657 -0.0146657 0.0136512 0.0136512 0.0136512 0.0136512 0.00271842 0.00271842 0.00271842 0.00271842 0.00391123 0.00391123 0.00391123 0.00391123 
500 200 0.0136644 0.0136644 0.0136644 0.0136644 -0.0163351 -0.0163351 -0.0163351 -0.0163351 -0.0111396 -0.0111396 -0.0111396 -0.0111396 -0.0165879 -0.0165879 -0.0165879 -0.0165879 0.0153424 0.0153424 0.0153424 0.0153424 0.0188207 0.0188207 0.0188207 0.0188207 0.0162866 0.0162866 0.0162866 0.0162866 0.00375798 0.00375798 0.00375798 0.00375798 
500 225 -0.021674 -0.021674 -0.021674 -0.021674 -0.0116269 -0.0116269 -0.0116269 -0.0116269 -0.0113132 -0.0113132 -0.0113132 -0.0113132 -0.0224264 -0.0224264 -0.0224264 -0.0224264 0.0159385 0.0159385 0.0159385 0.0159385 0.00882069 0.00882069 0.00882069 0.00882069 0.030444 0.030444 0.030444 0.030444 0.00938166 0.00938166 0.00938166 0.00938166 
500 250 0.0104134 0.0104134 0.0104134 0.0104134 -0.0254974 -0.0254974 -0.0254974 -0.0254974 -0.0184372 -0.0184372 -0.0184372 -0.0184372 -0.0192894 -0.0192894 -0.0192894 -0.0192894 -0.0014948 -0.0014948 -0.0014948 -0.0014948 0.0165891 0.0165891 0.0165891 0.0165891 0.0318358 0.0318358 0.0318358 0.0318358 0.00756673 0.00756673 0.00756673 0.00756673 
500 275 -0.0107863 -0.0107863 -0.0107863 -0.0107863 -0.0145835 -0.0145835 -0.0145835 -0.0145835 -0.00176998 -0.00176998 -0.00176998 -0.00176998 -0.0289448 -0.0289448 -0.0289448 -0.0289448 0.0520212 0.0520212 0.0520212 0.0520212 0.0183888 0.0183888 0.0183888 0.0183888 0.0139837 0.0139837 0.0139837 0.0139837 0.000100976 0.000100976 0.000100976 0.000100976 
500 300 0.00221629 0.00221629 0.00221629 0.00221629 -0.0233783 -0.0233783 -0.0233783 -0.0233783 -0.00843601 -0.00843601 -0.00843601 -0.00843601 -0.025093 -0.025093 -0.025093 -0.025093 -0.0154165 -0.0154165 -0.0154165 -0.0154165 0.000148403 0.000148403 0.000148403 0.000148403 0.00409066 0.00409066 0.00409066 0.00409066 0.00126733 0.00126733 0.00126733 0.00126733 
500 325 0.0142367 0.0142367 0.0142367 0.0142367 -0.0231842 -0.0231842 -0.0231842 -0.0231842 -0.0151503 -0.0151503 -0.0151503 -0.0151503 -0.0458214 -0.0458214 -0.0458214 -0.0458214 0.00834174 0.00834174 0.00834174 0.00834174 0.0058805 0.0058805 0.0058805 0.0058805 -0.0146428 -0.0146428 -0.0146428 -0.0146428 0.00985916 0.00985916 0.00985916 0.00985916 
500 350 -0.00219614 -0.00219614 -0.00219614 -0.00219614 -0.0264307 -0.0264307 -0.0264307 -0.0264307 -0.0250785 -0.0250785 -0.0250785 -0.0250785 0 0 0 0 0.00803827 0.00803827 0.00803827 0.00803827 0.000903222 0.000903222 0.000903222 0.000903222 -0.0136461 -0.0136461 -0.0136461 -0.0136461 0.00735237 0.00735237 0.00735237 0.00735237 
500 370 -0.0778848 -0.0778848 -0.0778848 -0.0778848 -0.0209342 -0.0209342 -0.0209342 -0.0209342 0 0 0 0 0 0 0 0 0.0338185 0.0338185 0.0338185 0.0338185 -0.0211123 -0.0211123 -0.0211123 -0.0211123 0.000656952 0.000656952 0.000656952 0.000656952 0.00112116 0.00112116 0.00112116 0.00112116 
