   150      1     0.889  0.111  0.000  0.000      0.000  1.000  0.000  0.000      0.000  0.000  1.000  0.000      0.000  0.000  0.000  1.000                  1.000  0.000  0.000  0.000      0.333  0.667  0.000  0.000      0.000  0.000  1.000  0.000      0.000  0.000  0.000  1.000 
   175      1     0.941  0.035  0.011  0.013      0.000  0.932  0.043  0.025      0.000  0.000  0.984  0.016      0.000  0.000  0.000  1.000                  1.000  0.000  0.000  0.000      0.087  0.913  0.000  0.000      0.054  0.054  0.891  0.000      0.048  0.024  0.016  0.911 
   200      1     0.951  0.028  0.011  0.010      0.000  0.935  0.037  0.028      0.000  0.000  0.974  0.026      0.000  0.000  0.000  1.000                  1.000  0.000  0.000  0.000      0.071  0.929  0.000  0.000      0.046  0.051  0.903  0.000      0.029  0.027  0.037  0.907 
   225      1     0.955  0.026  0.011  0.008      0.000  0.937  0.039  0.024      0.000  0.000  0.967  0.033      0.000  0.000  0.000  1.000                  1.000  0.000  0.000  0.000      0.073  0.927  0.000  0.000      0.048  0.063  0.889  0.000      0.031  0.030  0.023  0.917 
   250      1     0.956  0.025  0.007  0.012      0.000  0.951  0.030  0.020      0.000  0.000  0.972  0.028      0.000  0.000  0.000  1.000                  1.000  0.000  0.000  0.000      0.066  0.934  0.000  0.000      0.025  0.037  0.939  0.000      0.035  0.019  0.025  0.921 
   275      1     0.954  0.024  0.012  0.009      0.000  0.944  0.032  0.024      0.000  0.000  0.972  0.028      0.000  0.000  0.000  1.000                  1.000  0.000  0.000  0.000      0.079  0.921  0.000  0.000      0.048  0.027  0.926  0.000      0.031  0.034  0.026  0.909 
   300      1     0.950  0.027  0.014  0.009      0.000  0.947  0.027  0.026      0.000  0.000  0.960  0.040      0.000  0.000  0.000  1.000                  1.000  0.000  0.000  0.000      0.069  0.931  0.000  0.000      0.035  0.040  0.925  0.000      0.036  0.021  0.025  0.918 
   325      1     0.959  0.024  0.010  0.008      0.000  0.948  0.029  0.023      0.000  0.000  0.968  0.032      0.000  0.000  0.000  1.000                  1.000  0.000  0.000  0.000      0.077  0.923  0.000  0.000      0.052  0.031  0.917  0.000      0.045  0.019  0.022  0.914 
   350      1     0.953  0.026  0.013  0.008      0.000  0.963  0.026  0.011      0.000  0.000  0.971  0.029      0.000  0.000  0.000  1.000                  1.000  0.000  0.000  0.000      0.078  0.922  0.000  0.000      0.042  0.065  0.892  0.000      0.038  0.035  0.033  0.894 
   375      1     0.957  0.025  0.011  0.007      0.000  0.928  0.039  0.034      0.000  0.000  0.966  0.034      0.000  0.000  0.000  1.000                  1.000  0.000  0.000  0.000      0.075  0.925  0.000  0.000      0.042  0.046  0.911  0.000      0.042  0.029  0.026  0.903 
   400      1     0.956  0.022  0.014  0.008      0.000  0.947  0.037  0.016      0.000  0.000  0.965  0.035      0.000  0.000  0.000  1.000                  1.000  0.000  0.000  0.000      0.072  0.928  0.000  0.000      0.036  0.045  0.919  0.000      0.036  0.025  0.033  0.906 
   425      1     0.954  0.025  0.010  0.011      0.000  0.929  0.044  0.027      0.000  0.000  0.978  0.022      0.000  0.000  0.000  1.000                  1.000  0.000  0.000  0.000      0.072  0.928  0.000  0.000      0.048  0.048  0.904  0.000      0.039  0.022  0.026  0.914 
   450      1     0.956  0.022  0.011  0.010      0.000  0.930  0.048  0.022      0.000  0.000  0.972  0.028      0.000  0.000  0.000  1.000                  1.000  0.000  0.000  0.000      0.071  0.929  0.000  0.000      0.046  0.045  0.910  0.000      0.037  0.032  0.024  0.907 
   475      1     0.958  0.020  0.012  0.011      0.000  0.945  0.027  0.027      0.000  0.000  0.970  0.030      0.000  0.000  0.000  1.000                  1.000  0.000  0.000  0.000      0.069  0.931  0.000  0.000      0.051  0.036  0.914  0.000      0.031  0.027  0.034  0.908 
   500      1     0.951  0.022  0.017  0.011      0.000  0.948  0.030  0.022      0.000  0.000  0.951  0.049      0.000  0.000  0.000  1.000                  1.000  0.000  0.000  0.000      0.075  0.925  0.000  0.000      0.052  0.051  0.897  0.000      0.037  0.020  0.022  0.921 
