   150      1     0.889  0.000  0.000  0.111      0.000  1.000  0.000  0.000      0.000  0.000  1.000  0.000      0.000  0.000  0.000  1.000                  1.000  0.000  0.000  0.000      0.000  1.000  0.000  0.000      0.000  0.000  1.000  0.000      0.000  0.000  0.250  0.750 
   175      1     0.940  0.036  0.004  0.020      0.000  0.879  0.055  0.066      0.000  0.000  0.939  0.061      0.000  0.000  0.000  1.000                  1.000  0.000  0.000  0.000      0.110  0.890  0.000  0.000      0.020  0.020  0.960  0.000      0.036  0.013  0.040  0.910 
   200      1     0.933  0.030  0.022  0.015      0.000  0.926  0.024  0.050      0.000  0.000  0.923  0.077      0.000  0.000  0.000  1.000                  1.000  0.000  0.000  0.000      0.089  0.911  0.000  0.000      0.042  0.042  0.916  0.000      0.019  0.023  0.033  0.925 
   225      1     0.917  0.034  0.014  0.035      0.000  0.911  0.055  0.034      0.000  0.000  0.927  0.073      0.000  0.000  0.000  1.000                  1.000  0.000  0.000  0.000      0.061  0.939  0.000  0.000      0.033  0.037  0.931  0.000      0.021  0.023  0.030  0.926 
   250      1     0.919  0.034  0.020  0.027      0.000  0.919  0.036  0.045      0.000  0.000  0.934  0.066      0.000  0.000  0.000  1.000                  1.000  0.000  0.000  0.000      0.047  0.953  0.000  0.000      0.035  0.039  0.926  0.000      0.028  0.021  0.030  0.921 
   275      1     0.929  0.032  0.017  0.021      0.000  0.920  0.050  0.031      0.000  0.000  0.928  0.072      0.000  0.000  0.000  1.000                  1.000  0.000  0.000  0.000      0.072  0.928  0.000  0.000      0.047  0.051  0.901  0.000      0.023  0.027  0.029  0.922 
   300      1     0.916  0.032  0.018  0.034      0.000  0.901  0.057  0.042      0.000  0.000  0.931  0.069      0.000  0.000  0.000  1.000                  1.000  0.000  0.000  0.000      0.082  0.918  0.000  0.000      0.044  0.054  0.901  0.000      0.028  0.022  0.026  0.923 
   325      1     0.922  0.028  0.021  0.029      0.000  0.904  0.055  0.041      0.000  0.000  0.936  0.064      0.000  0.000  0.000  1.000                  1.000  0.000  0.000  0.000      0.074  0.926  0.000  0.000      0.041  0.041  0.918  0.000      0.024  0.021  0.034  0.921 
   350      1     0.919  0.029  0.021  0.032      0.000  0.900  0.045  0.055      0.000  0.000  0.949  0.051      0.000  0.000  0.000  1.000                  1.000  0.000  0.000  0.000      0.048  0.952  0.000  0.000      0.030  0.057  0.914  0.000      0.029  0.024  0.037  0.911 
   375      1     0.934  0.023  0.015  0.028      0.000  0.898  0.043  0.058      0.000  0.000  0.922  0.078      0.000  0.000  0.000  1.000                  1.000  0.000  0.000  0.000      0.071  0.929  0.000  0.000      0.035  0.033  0.932  0.000      0.026  0.020  0.035  0.919 
   400      1     0.931  0.026  0.018  0.026      0.000  0.907  0.052  0.041      0.000  0.000  0.937  0.063      0.000  0.000  0.000  1.000                  1.000  0.000  0.000  0.000      0.058  0.942  0.000  0.000      0.052  0.043  0.904  0.000      0.034  0.020  0.030  0.916 
   425      1     0.918  0.031  0.020  0.031      0.000  0.899  0.047  0.053      0.000  0.000  0.925  0.075      0.000  0.000  0.000  1.000                  1.000  0.000  0.000  0.000      0.078  0.922  0.000  0.000      0.045  0.044  0.911  0.000      0.025  0.021  0.033  0.921 
   450      1     0.919  0.031  0.019  0.031      0.000  0.907  0.055  0.038      0.000  0.000  0.937  0.063      0.000  0.000  0.000  1.000                  1.000  0.000  0.000  0.000      0.065  0.935  0.000  0.000      0.047  0.050  0.903  0.000      0.024  0.023  0.036  0.917 
   475      1     0.925  0.026  0.022  0.028      0.000  0.912  0.041  0.047      0.000  0.000  0.929  0.071      0.000  0.000  0.000  1.000                  1.000  0.000  0.000  0.000      0.079  0.921  0.000  0.000      0.048  0.047  0.905  0.000      0.034  0.020  0.036  0.910 
   500      1     0.920  0.031  0.022  0.027      0.000  0.916  0.049  0.036      0.000  0.000  0.927  0.073      0.000  0.000  0.000  1.000                  1.000  0.000  0.000  0.000      0.080  0.920  0.000  0.000      0.035  0.043  0.922  0.000      0.033  0.019  0.042  0.906 
