   150      1     1.000  0.000  0.000  0.000      0.000  0.000  0.000  0.000      0.000  0.000  0.000  0.000      0.000  0.000  0.000  1.000                  1.000  0.000  0.000  0.000      0.000  0.000  0.000  0.000      0.000  0.000  0.000  0.000      0.000  0.000  0.000  1.000 
   175      1     0.960  0.010  0.015  0.015      0.000  0.944  0.028  0.028      0.000  0.000  0.968  0.032      0.000  0.000  0.000  1.000                  1.000  0.000  0.000  0.000      0.056  0.944  0.000  0.000      0.032  0.086  0.882  0.000      0.036  0.021  0.050  0.893 
   200      1     0.931  0.026  0.015  0.028      0.000  0.917  0.051  0.032      0.000  0.000  0.950  0.050      0.000  0.000  0.000  1.000                  1.000  0.000  0.000  0.000      0.088  0.912  0.000  0.000      0.047  0.038  0.915  0.000      0.035  0.023  0.021  0.921 
   225      1     0.930  0.026  0.014  0.031      0.000  0.924  0.031  0.045      0.000  0.000  0.941  0.059      0.000  0.000  0.000  1.000                  1.000  0.000  0.000  0.000      0.069  0.931  0.000  0.000      0.025  0.037  0.938  0.000      0.041  0.023  0.038  0.898 
   250      1     0.947  0.017  0.023  0.013      0.000  0.921  0.043  0.037      0.000  0.000  0.944  0.056      0.000  0.000  0.000  1.000                  1.000  0.000  0.000  0.000      0.071  0.929  0.000  0.000      0.044  0.040  0.916  0.000      0.032  0.016  0.028  0.924 
   275      1     0.929  0.030  0.017  0.024      0.000  0.930  0.036  0.033      0.000  0.000  0.946  0.054      0.000  0.000  0.000  1.000                  1.000  0.000  0.000  0.000      0.091  0.909  0.000  0.000      0.035  0.040  0.924  0.000      0.029  0.025  0.033  0.913 
   300      1     0.935  0.032  0.011  0.022      0.000  0.906  0.050  0.044      0.000  0.000  0.943  0.057      0.000  0.000  0.000  1.000                  1.000  0.000  0.000  0.000      0.061  0.939  0.000  0.000      0.036  0.030  0.933  0.000      0.025  0.020  0.030  0.925 
   325      1     0.937  0.026  0.013  0.024      0.000  0.918  0.036  0.046      0.000  0.000  0.939  0.061      0.000  0.000  0.000  1.000                  1.000  0.000  0.000  0.000      0.057  0.943  0.000  0.000      0.033  0.039  0.929  0.000      0.023  0.025  0.036  0.916 
   350      1     0.931  0.024  0.017  0.027      0.000  0.897  0.053  0.050      0.000  0.000  0.944  0.056      0.000  0.000  0.000  1.000                  1.000  0.000  0.000  0.000      0.050  0.950  0.000  0.000      0.044  0.041  0.915  0.000      0.025  0.021  0.037  0.917 
   375      1     0.943  0.026  0.012  0.020      0.000  0.921  0.048  0.030      0.000  0.000  0.947  0.053      0.000  0.000  0.000  1.000                  1.000  0.000  0.000  0.000      0.073  0.927  0.000  0.000      0.039  0.045  0.916  0.000      0.033  0.018  0.030  0.918 
   400      1     0.934  0.029  0.016  0.021      0.000  0.916  0.044  0.040      0.000  0.000  0.951  0.049      0.000  0.000  0.000  1.000                  1.000  0.000  0.000  0.000      0.060  0.940  0.000  0.000      0.034  0.043  0.923  0.000      0.029  0.021  0.042  0.908 
   425      1     0.926  0.033  0.013  0.028      0.000  0.907  0.050  0.042      0.000  0.000  0.940  0.060      0.000  0.000  0.000  1.000                  1.000  0.000  0.000  0.000      0.074  0.926  0.000  0.000      0.048  0.039  0.913  0.000      0.030  0.020  0.033  0.916 
   450      1     0.945  0.022  0.012  0.021      0.000  0.926  0.041  0.033      0.000  0.000  0.939  0.061      0.000  0.000  0.000  1.000                  1.000  0.000  0.000  0.000      0.067  0.933  0.000  0.000      0.034  0.032  0.933  0.000      0.033  0.018  0.029  0.920 
   475      1     0.937  0.024  0.015  0.024      0.000  0.919  0.043  0.039      0.000  0.000  0.939  0.061      0.000  0.000  0.000  1.000                  1.000  0.000  0.000  0.000      0.066  0.934  0.000  0.000      0.038  0.037  0.924  0.000      0.033  0.023  0.038  0.906 
   500      1     0.935  0.026  0.018  0.021      0.000  0.918  0.050  0.032      0.000  0.000  0.933  0.067      0.000  0.000  0.000  1.000                  1.000  0.000  0.000  0.000      0.066  0.934  0.000  0.000      0.034  0.044  0.921  0.000      0.031  0.016  0.030  0.923 
